# nb=10, i=0: hi=[ -2 -1 0 1 2] hx=[ 4.77778 4.88889 5 5.11111 5.22222]
# nb=10, i=1: hi=[ -1 0 1 2 3] hx=[ 4.88889 5 5.11111 5.22222 5.33333]
# nb=10, i=2: hi=[ 0 1 2 3 4] hx=[ 5 5.11111 5.22222 5.33333 5.44444]
# nb=10, i=3: hi=[ 1 2 3 4 5] hx=[ 5.11111 5.22222 5.33333 5.44444 5.55556]
# nb=10, i=4: hi=[ 2 3 4 5 6] hx=[ 5.22222 5.33333 5.44444 5.55556 5.66667]
# nb=10, i=5: hi=[ 3 4 5 6 7] hx=[ 5.33333 5.44444 5.55556 5.66667 5.77778]
# nb=10, i=6: hi=[ 4 5 6 7 8] hx=[ 5.44444 5.55556 5.66667 5.77778 5.88889]
# nb=10, i=7: hi=[ 5 6 7 8 9] hx=[ 5.55556 5.66667 5.77778 5.88889 6]
# nb=10, i=8: hi=[ 6 7 8 9 10] hx=[ 5.66667 5.77778 5.88889 6 6.11111]
# nb=10, i=9: hi=[ 7 8 9 10 11] hx=[ 5.77778 5.88889 6 6.11111 6.22222]
5 4 3.74326e-13 -972 -13122 1 27 486 4374 0 0 0 4374 0 0 0 0 0 0 0 0 0 0 0 0 0 0 0 0 0 0 0 0 0 0 0 0 0 0 0 0
5.002 3.99807 -1.92155 -945.703 13122 1.05507 27.9476 459.703 -13122 5.86713e-06 0.0087831 8.76553 4374 0 0 0 0 0 0 0 0 0 0 0 0 0 0 0 0 0 0 0 0 0 0 0 0 0 0 0 0
5.00401 3.99233 -3.79039 -919.407 13122 1.11198 28.8425 433.407 -13122 4.69371e-05 0.0351324 17.5311 4374 0 0 0 0 0 0 0 0 0 0 0 0 0 0 0 0 0 0 0 0 0 0 0 0 0 0 0 0
5.00601 3.98291 -5.60654 -893.11 13122 1.17063 29.6847 407.11 -13122 0.000158413 0.0790479 26.2966 4374 0 0 0 0 0 0 0 0 0 0 0 0 0 0 0 0 0 0 0 0 0 0 0 0 0 0 0 0
5.00802 3.9699 -7.36999 -866.814 13122 1.23092 30.4742 380.814 -13122 0.000375496 0.14053 35.0621 4374 0 0 0 0 0 0 0 0 0 0 0 0 0 0 0 0 0 0 0 0 0 0 0 0 0 0 0 0
5.01002 3.95341 -9.08075 -840.517 13122 1.29274 31.211 354.517 -13122 0.000733392 0.219577 43.8277 4374 0 0 0 0 0 0 0 0 0 0 0 0 0 0 0 0 0 0 0 0 0 0 0 0 0 0 0 0
5.01202 3.93354 -10.7388 -814.22 13122 1.35598 31.8951 328.22 -13122 0.0012673 0.316192 52.5932 4374 0 0 0 0 0 0 0 0 0 0 0 0 0 0 0 0 0 0 0 0 0 0 0 0 0 0 0 0
5.01403 3.9104 -12.3442 -787.924 13122 1.42054 32.5265 301.924 -13122 0.00201243 0.430372 61.3587 4374 0 0 0 0 0 0 0 0 0 0 0 0 0 0 0 0 0 0 0 0 0 0 0 0 0 0 0 0
5.01603 3.8841 -13.8968 -761.627 13122 1.48631 33.1052 275.627 -13122 0.00300397 0.562118 70.1242 4374 0 0 0 0 0 0 0 0 0 0 0 0 0 0 0 0 0 0 0 0 0 0 0 0 0 0 0 0
5.01804 3.85474 -15.3968 -735.331 13122 1.55319 33.6312 249.331 -13122 0.00427714 0.711431 78.8898 4374 0 0 0 0 0 0 0 0 0 0 0 0 0 0 0 0 0 0 0 0 0 0 0 0 0 0 0 0
5.02004 3.82242 -16.844 -709.034 13122 1.62107 34.1045 223.034 -13122 0.00586713 0.87831 87.6553 4374 0 0 0 0 0 0 0 0 0 0 0 0 0 0 0 0 0 0 0 0 0 0 0 0 0 0 0 0
5.02204 3.78726 -18.2386 -682.737 13122 1.68985 34.5252 196.737 -13122 0.00780915 1.06275 96.4208 4374 0 0 0 0 0 0 0 0 0 0 0 0 0 0 0 0 0 0 0 0 0 0 0 0 0 0 0 0
5.02405 3.74936 -19.5805 -656.441 13122 1.75941 34.8931 170.441 -13122 0.0101384 1.26477 105.186 4374 0 0 0 0 0 0 0 0 0 0 0 0 0 0 0 0 0 0 0 0 0 0 0 0 0 0 0 0
5.02605 3.70882 -20.8696 -630.144 13122 1.82966 35.2083 144.144 -13122 0.0128901 1.48434 113.952 4374 0 0 0 0 0 0 0 0 0 0 0 0 0 0 0 0 0 0 0 0 0 0 0 0 0 0 0 0
5.02806 3.66575 -22.1061 -603.848 13122 1.90049 35.4708 117.848 -13122 0.0160994 1.72149 122.717 4374 0 0 0 0 0 0 0 0 0 0 0 0 0 0 0 0 0 0 0 0 0 0 0 0 0 0 0 0
5.03006 3.62025 -23.2898 -577.551 13122 1.9718 35.6806 91.5511 -13122 0.0198016 1.9762 131.483 4374 0 0 0 0 0 0 0 0 0 0 0 0 0 0 0 0 0 0 0 0 0 0 0 0 0 0 0 0
5.03206 3.57243 -24.4209 -551.255 13122 2.04347 35.8377 65.2545 -13122 0.0240318 2.24847 140.248 4374 0 0 0 0 0 0 0 0 0 0 0 0 0 0 0 0 0 0 0 0 0 0 0 0 0 0 0 0
5.03407 3.52241 -25.4993 -524.958 13122 2.1154 35.9422 38.9579 -13122 0.0288252 2.53832 149.014 4374 0 0 0 0 0 0 0 0 0 0 0 0 0 0 0 0 0 0 0 0 0 0 0 0 0 0 0 0
5.03607 3.47027 -26.525 -498.661 13122 2.18749 35.9939 12.6613 -13122 0.0342171 2.84572 157.78 4374 0 0 0 0 0 0 0 0 0 0 0 0 0 0 0 0 0 0 0 0 0 0 0 0 0 0 0 0
5.03808 3.41613 -27.4979 -472.365 13122 2.25963 35.9929 -13.6353 -13122 0.0402427 3.1707 166.545 4374 0 0 0 0 0 0 0 0 0 0 0 0 0 0 0 0 0 0 0 0 0 0 0 0 0 0 0 0
5.04008 3.36009 -28.4182 -446.068 13122 2.33171 35.9392 -39.9319 -13122 0.0469371 3.51324 175.311 4374 0 0 0 0 0 0 0 0 0 0 0 0 0 0 0 0 0 0 0 0 0 0 0 0 0 0 0 0
5.04208 3.30226 -29.2858 -419.772 13122 2.40364 35.8329 -66.2285 -13122 0.0543355 3.87335 184.076 4374 0 0 0 0 0 0 0 0 0 0 0 0 0 0 0 0 0 0 0 0 0 0 0 0 0 0 0 0
5.04409 3.24275 -30.1007 -393.475 13122 2.4753 35.6738 -92.5251 -13122 0.0624732 4.25102 192.842 4374 0 0 0 0 0 0 0 0 0 0 0 0 0 0 0 0 0 0 0 0 0 0 0 0 0 0 0 0
5.04609 3.18165 -30.8628 -367.178 13122 2.54658 35.462 -118.822 -13122 0.0713854 4.64626 201.607 4374 0 0 0 0 0 0 0 0 0 0 0 0 0 0 0 0 0 0 0 0 0 0 0 0 0 0 0 0
5.0481 3.11909 -31.5723 -340.882 13122 2.61739 35.1976 -145.118 -13122 0.0811072 5.05906 210.373 4374 0 0 0 0 0 0 0 0 0 0 0 0 0 0 0 0 0 0 0 0 0 0 0 0 0 0 0 0
5.0501 3.05515 -32.2291 -314.585 13122 2.68762 34.8804 -171.415 -13122 0.0916739 5.48944 219.138 4374 0 0 0 0 0 0 0 0 0 0 0 0 0 0 0 0 0 0 0 0 0 0 0 0 0 0 0 0
5.0521 2.98995 -32.8332 -288.289 13122 2.75716 34.5105 -197.711 -13122 0.103121 5.93737 227.904 4374 0 0 0 0 0 0 0 0 0 0 0 0 0 0 0 0 0 0 0 0 0 0 0 0 0 0 0 0
5.05411 2.92359 -33.3846 -261.992 13122 2.8259 34.088 -224.008 -13122 0.115483 6.40288 236.669 4374 0 0 0 0 0 0 0 0 0 0 0 0 0 0 0 0 0 0 0 0 0 0 0 0 0 0 0 0
5.05611 2.85618 -33.8832 -235.695 13122 2.89375 33.6127 -250.305 -13122 0.128795 6.88595 245.435 4374 0 0 0 0 0 0 0 0 0 0 0 0 0 0 0 0 0 0 0 0 0 0 0 0 0 0 0 0
5.05812 2.78782 -34.3292 -209.399 13122 2.96059 33.0847 -276.601 -13122 0.143093 7.38658 254.2 4374 0 0 0 0 0 0 0 0 0 0 0 0 0 0 0 0 0 0 0 0 0 0 0 0 0 0 0 0
5.06012 2.71862 -34.7225 -183.102 13122 3.02632 32.5041 -302.898 -13122 0.158413 7.90479 262.966 4374 0 0 0 0 0 0 0 0 0 0 0 0 0 0 0 0 0 0 0 0 0 0 0 0 0 0 0 0
5.06212 2.64868 -35.0631 -156.806 13122 3.09083 31.8707 -329.194 -13122 0.174788 8.44056 271.731 4374 0 0 0 0 0 0 0 0 0 0 0 0 0 0 0 0 0 0 0 0 0 0 0 0 0 0 0 0
5.06413 2.57812 -35.351 -130.509 13122 3.15402 31.1847 -355.491 -13122 0.192254 8.99389 280.497 4374 0 0 0 0 0 0 0 0 0 0 0 0 0 0 0 0 0 0 0 0 0 0 0 0 0 0 0 0
5.06613 2.50703 -35.5862 -104.212 13122 3.21578 30.4459 -381.788 -13122 0.210847 9.56479 289.263 4374 0 0 0 0 0 0 0 0 0 0 0 0 0 0 0 0 0 0 0 0 0 0 0 0 0 0 0 0
5.06814 2.43553 -35.7687 -77.9158 13122 3.27601 29.6544 -408.084 -13122 0.230602 10.1533 298.028 4374 0 0 0 0 0 0 0 0 0 0 0 0 0 0 0 0 0 0 0 0 0 0 0 0 0 0 0 0
5.07014 2.36371 -35.8985 -51.6192 13122 3.3346 28.8103 -434.381 -13122 0.251553 10.7593 306.794 4374 0 0 0 0 0 0 0 0 0 0 0 0 0 0 0 0 0 0 0 0 0 0 0 0 0 0 0 0
5.07214 2.29168 -35.9756 -25.3226 13122 3.39145 27.9134 -460.677 -13122 0.273737 11.3829 315.559 4374 0 0 0 0 0 0 0 0 0 0 0 0 0 0 0 0 0 0 0 0 0 0 0 0 0 0 0 0
5.07415 2.21955 -36 0.973948 13122 3.44645 26.9639 -486.974 -13122 0.297188 12.0241 324.325 4374 0 0 0 0 0 0 0 0 0 0 0 0 0 0 0 0 0 0 0 0 0 0 0 0 0 0 0 0
5.07615 2.14743 -35.9717 27.2705 13122 3.49949 25.9616 -513.271 -13122 0.321941 12.6828 333.09 4374 0 0 0 0 0 0 0 0 0 0 0 0 0 0 0 0 0 0 0 0 0 0 0 0 0 0 0 0
5.07816 2.07541 -35.8907 53.5671 13122 3.55047 24.9067 -539.567 -13122 0.348032 13.3591 341.856 4374 0 0 0 0 0 0 0 0 0 0 0 0 0 0 0 0 0 0 0 0 0 0 0 0 0 0 0 0
5.08016 2.00361 -35.757 79.8637 13122 3.59928 23.799 -565.864 -13122 0.375496 14.053 350.621 4374 0 0 0 0 0 0 0 0 0 0 0 0 0 0 0 0 0 0 0 0 0 0 0 0 0 0 0 0
5.08216 1.93213 -35.5706 106.16 13122 3.64582 22.6387 -592.16 -13122 0.404369 14.7644 359.387 4374 0 0 0 0 0 0 0 0 0 0 0 0 0 0 0 0 0 0 0 0 0 0 0 0 0 0 0 0
5.08417 1.86108 -35.3315 132.457 13122 3.68998 21.4257 -618.457 -13122 0.434684 15.4934 368.152 4374 0 0 0 0 0 0 0 0 0 0 0 0 0 0 0 0 0 0 0 0 0 0 0 0 0 0 0 0
5.08617 1.79056 -35.0397 158.754 13122 3.73166 20.1599 -644.754 -13122 0.466478 16.2399 376.918 4374 0 0 0 0 0 0 0 0 0 0 0 0 0 0 0 0 0 0 0 0 0 0 0 0 0 0 0 0
5.08818 1.72067 -34.6952 185.05 13122 3.77075 18.8415 -671.05 -13122 0.499786 17.0041 385.683 4374 0 0 0 0 0 0 0 0 0 0 0 0 0 0 0 0 0 0 0 0 0 0 0 0 0 0 0 0
5.09018 1.65153 -34.298 211.347 13122 3.80714 17.4703 -697.347 -13122 0.534642 17.7858 394.449 4374 0 0 0 0 0 0 0 0 0 0 0 0 0 0 0 0 0 0 0 0 0 0 0 0 0 0 0 0
5.09218 1.58324 -33.8481 237.643 13122 3.84073 16.0465 -723.643 -13122 0.571083 18.585 403.214 4374 0 0 0 0 0 0 0 0 0 0 0 0 0 0 0 0 0 0 0 0 0 0 0 0 0 0 0 0
5.09419 1.51591 -33.3455 263.94 13122 3.87142 14.57 -749.94 -13122 0.609143 19.4019 411.98 4374 0 0 0 0 0 0 0 0 0 0 0 0 0 0 0 0 0 0 0 0 0 0 0 0 0 0 0 0
5.09619 1.44963 -32.7902 290.236 13122 3.89909 13.0407 -776.236 -13122 0.648858 20.2363 420.745 4374 0 0 0 0 0 0 0 0 0 0 0 0 0 0 0 0 0 0 0 0 0 0 0 0 0 0 0 0
5.0982 1.38452 -32.1822 316.533 13122 3.92365 11.4588 -802.533 -13122 0.690262 21.0882 429.511 4374 0 0 0 0 0 0 0 0 0 0 0 0 0 0 0 0 0 0 0 0 0 0 0 0 0 0 0 0
5.1002 1.32068 -31.5216 342.83 13122 3.94499 9.82417 -828.83 -13122 0.733392 21.9577 438.277 4374 0 0 0 0 0 0 0 0 0 0 0 0 0 0 0 0 0 0 0 0 0 0 0 0 0 0 0 0
5.1022 1.25821 -30.8082 369.126 13122 3.96299 8.13683 -855.126 -13122 0.778281 22.8448 447.042 4374 0 0 0 0 0 0 0 0 0 0 0 0 0 0 0 0 0 0 0 0 0 0 0 0 0 0 0 0
5.10421 1.19723 -30.0421 395.423 13122 3.97756 6.39681 -881.423 -13122 0.824966 23.7495 455.808 4374 0 0 0 0 0 0 0 0 0 0 0 0 0 0 0 0 0 0 0 0 0 0 0 0 0 0 0 0
5.10621 1.13784 -29.2233 421.719 13122 3.98859 4.60408 -907.719 -13122 0.873481 24.6717 464.573 4374 0 0 0 0 0 0 0 0 0 0 0 0 0 0 0 0 0 0 0 0 0 0 0 0 0 0 0 0
5.10822 1.08014 -28.3518 448.016 13122 3.99598 2.75865 -934.016 -13122 0.923862 25.6115 473.339 4374 0 0 0 0 0 0 0 0 0 0 0 0 0 0 0 0 0 0 0 0 0 0 0 0 0 0 0 0
5.11022 1.02424 -27.4277 474.313 13122 3.99962 0.860527 -960.313 -13122 0.976144 26.5689 482.104 4374 0 0 0 0 0 0 0 0 0 0 0 0 0 0 0 0 0 0 0 0 0 0 0 0 0 0 0 0
5.11222 0.97024 -26.4616 481.13 -4374 3.9994 -1.07403 -957.391 13122 1.03036 27.5329 471.391 -13122 1.00602e-06 0.00271083 4.86974 4374 0 0 0 0 0 0 0 0 0 0 0 0 0 0 0 0 0 0 0 0 0 0 0 0
5.11423 0.918171 -25.5062 472.365 -4374 3.99534 -2.9663 -931.094 13122 1.08646 28.4513 445.094 -13122 2.20842e-05 0.0212529 13.6353 4374 0 0 0 0 0 0 0 0 0 0 0 0 0 0 0 0 0 0 0 0 0 0 0 0
5.11623 0.867999 -24.5684 463.599 -4374 3.98755 -4.80587 -904.798 13122 1.14436 29.3169 418.798 -13122 9.79224e-05 0.0573612 22.4008 4374 0 0 0 0 0 0 0 0 0 0 0 0 0 0 0 0 0 0 0 0 0 0 0 0
5.11824 0.819689 -23.6481 454.834 -4374 3.97612 -6.59274 -878.501 13122 1.20393 30.1298 392.501 -13122 0.000263723 0.111036 31.1663 4374 0 0 0 0 0 0 0 0 0 0 0 0 0 0 0 0 0 0 0 0 0 0 0 0
5.12024 0.773205 -22.7454 446.068 -4374 3.96116 -8.32692 -852.204 13122 1.26508 30.89 366.204 -13122 0.000554689 0.182276 39.9319 4374 0 0 0 0 0 0 0 0 0 0 0 0 0 0 0 0 0 0 0 0 0 0 0 0
5.12224 0.728513 -21.8603 437.303 -4374 3.94278 -10.0084 -825.908 13122 1.3277 31.5976 339.908 -13122 0.00100602 0.271083 48.6974 4374 0 0 0 0 0 0 0 0 0 0 0 0 0 0 0 0 0 0 0 0 0 0 0 0
5.12425 0.685577 -20.9927 428.537 -4374 3.92108 -11.6372 -799.611 13122 1.39169 32.2524 313.611 -13122 0.00165293 0.377456 57.4629 4374 0 0 0 0 0 0 0 0 0 0 0 0 0 0 0 0 0 0 0 0 0 0 0 0
5.12625 0.644362 -20.1427 419.772 -4374 3.89617 -13.2132 -773.315 13122 1.45694 32.8545 287.315 -13122 0.00253061 0.501396 66.2285 4374 0 0 0 0 0 0 0 0 0 0 0 0 0 0 0 0 0 0 0 0 0 0 0 0
5.12826 0.604833 -19.3102 411.006 -4374 3.86816 -14.7366 -747.018 13122 1.52334 33.404 261.018 -13122 0.00367427 0.642901 74.994 4374 0 0 0 0 0 0 0 0 0 0 0 0 0 0 0 0 0 0 0 0 0 0 0 0
5.13026 0.566955 -18.4954 402.24 -4374 3.83714 -16.2073 -720.721 13122 1.59078 33.9007 234.721 -13122 0.0051191 0.801973 83.7595 4374 0 0 0 0 0 0 0 0 0 0 0 0 0 0 0 0 0 0 0 0 0 0 0 0
5.13226 0.530692 -17.698 393.475 -4374 3.80323 -17.6253 -694.425 13122 1.65918 34.3447 208.425 -13122 0.00690032 0.978611 92.5251 4374 0 0 0 0 0 0 0 0 0 0 0 0 0 0 0 0 0 0 0 0 0 0 0 0
5.13427 0.496009 -16.9183 384.709 -4374 3.76653 -18.9906 -668.128 13122 1.7284 34.7361 182.128 -13122 0.00905312 1.17281 101.291 4374 0 0 0 0 0 0 0 0 0 0 0 0 0 0 0 0 0 0 0 0 0 0 0 0
5.13627 0.462871 -16.1561 375.944 -4374 3.72715 -20.3032 -641.832 13122 1.79836 35.0747 155.832 -13122 0.0116127 1.38458 110.056 4374 0 0 0 0 0 0 0 0 0 0 0 0 0 0 0 0 0 0 0 0 0 0 0 0
5.13828 0.431243 -15.4115 367.178 -4374 3.68519 -21.563 -615.535 13122 1.86895 35.3606 129.535 -13122 0.0146143 1.61392 118.822 4374 0 0 0 0 0 0 0 0 0 0 0 0 0 0 0 0 0 0 0 0 0 0 0 0
5.14028 0.40109 -14.6845 358.413 -4374 3.64076 -22.7702 -589.238 13122 1.94005 35.5939 103.238 -13122 0.0180931 1.86082 127.587 4374 0 0 0 0 0 0 0 0 0 0 0 0 0 0 0 0 0 0 0 0 0 0 0 0
5.14228 0.372376 -13.975 349.647 -4374 3.59397 -23.9247 -562.942 13122 2.01157 35.7744 76.9419 -13122 0.0220842 2.12529 136.353 4374 0 0 0 0 0 0 0 0 0 0 0 0 0 0 0 0 0 0 0 0 0 0 0 0
5.14429 0.345066 -13.2831 340.882 -4374 3.54491 -25.0265 -536.645 13122 2.0834 35.9023 50.6453 -13122 0.026623 2.40733 145.118 4374 0 0 0 0 0 0 0 0 0 0 0 0 0 0 0 0 0 0 0 0 0 0 0 0
5.14629 0.319125 -12.6087 332.116 -4374 3.49369 -26.0756 -510.349 13122 2.15544 35.9774 24.3487 -13122 0.0317446 2.70693 153.884 4374 0 0 0 0 0 0 0 0 0 0 0 0 0 0 0 0 0 0 0 0 0 0 0 0
5.1483 0.294519 -11.952 323.351 -4374 3.44043 -27.072 -484.052 13122 2.22757 35.9999 -1.9479 -13122 0.0374842 3.0241 162.649 4374 0 0 0 0 0 0 0 0 0 0 0 0 0 0 0 0 0 0 0 0 0 0 0 0
5.1503 0.27121 -11.3127 314.585 -4374 3.38522 -28.0157 -457.756 13122 2.29969 35.9696 -28.2445 -13122 0.0438769 3.35883 171.415 4374 0 0 0 0 0 0 0 0 0 0 0 0 0 0 0 0 0 0 0 0 0 0 0 0
5.1523 0.249165 -10.6911 305.82 -4374 3.32818 -28.9067 -431.459 13122 2.3717 35.8867 -54.5411 -13122 0.0509581 3.71113 180.18 4374 0 0 0 0 0 0 0 0 0 0 0 0 0 0 0 0 0 0 0 0 0 0 0 0
5.15431 0.228348 -10.087 297.054 -4374 3.2694 -29.745 -405.162 13122 2.44349 35.751 -80.8377 -13122 0.0587629 4.081 188.946 4374 0 0 0 0 0 0 0 0 0 0 0 0 0 0 0 0 0 0 0 0 0 0 0 0
5.15631 0.208725 -9.50049 288.289 -4374 3.209 -30.5306 -378.866 13122 2.51495 35.5627 -107.134 -13122 0.0673266 4.46843 197.711 4374 0 0 0 0 0 0 0 0 0 0 0 0 0 0 0 0 0 0 0 0 0 0 0 0
5.15832 0.190258 -8.93154 279.523 -4374 3.14707 -31.2635 -352.569 13122 2.58599 35.3216 -133.431 -13122 0.0766842 4.87343 206.477 4374 0 0 0 0 0 0 0 0 0 0 0 0 0 0 0 0 0 0 0 0 0 0 0 0
5.16032 0.172915 -8.38016 270.758 -4374 3.08373 -31.9437 -326.273 13122 2.65649 35.0279 -159.727 -13122 0.0868711 5.29599 215.242 4374 0 0 0 0 0 0 0 0 0 0 0 0 0 0 0 0 0 0 0 0 0 0 0 0
5.16232 0.156659 -7.84634 261.992 -4374 3.01907 -32.5712 -299.976 13122 2.72635 34.6814 -186.024 -13122 0.0979224 5.73612 224.008 4374 0 0 0 0 0 0 0 0 0 0 0 0 0 0 0 0 0 0 0 0 0 0 0 0
5.16433 0.141455 -7.33009 253.226 -4374 2.95322 -33.146 -273.679 13122 2.79546 34.2823 -212.321 -13122 0.109873 6.19382 232.774 4374 0 0 0 0 0 0 0 0 0 0 0 0 0 0 0 0 0 0 0 0 0 0 0 0
5.16633 0.127268 -6.83141 244.461 -4374 2.88626 -33.6681 -247.383 13122 2.86371 33.8304 -238.617 -13122 0.122759 6.66908 241.539 4374 0 0 0 0 0 0 0 0 0 0 0 0 0 0 0 0 0 0 0 0 0 0 0 0
5.16834 0.114063 -6.35029 235.695 -4374 2.81831 -34.1375 -221.086 13122 2.93101 33.3259 -264.914 -13122 0.136615 7.16191 250.305 4374 0 0 0 0 0 0 0 0 0 0 0 0 0 0 0 0 0 0 0 0 0 0 0 0
5.17034 0.101804 -5.88674 226.93 -4374 2.74947 -34.5542 -194.79 13122 2.99725 32.7687 -291.21 -13122 0.151476 7.67231 259.07 4374 0 0 0 0 0 0 0 0 0 0 0 0 0 0 0 0 0 0 0 0 0 0 0 0
5.17234 0.090457 -5.44075 218.164 -4374 2.67985 -34.9182 -168.493 13122 3.06232 32.1587 -317.507 -13122 0.167377 8.20027 267.836 4374 0 0 0 0 0 0 0 0 0 0 0 0 0 0 0 0 0 0 0 0 0 0 0 0
5.17435 0.079986 -5.01233 209.399 -4374 2.60955 -35.2295 -142.196 13122 3.12611 31.4961 -343.804 -13122 0.184354 8.7458 276.601 4374 0 0 0 0 0 0 0 0 0 0 0 0 0 0 0 0 0 0 0 0 0 0 0 0
5.17635 0.0703558 -4.60148 200.633 -4374 2.53868 -35.4882 -115.9 13122 3.18852 30.7807 -370.1 -13122 0.202442 9.30889 285.367 4374 0 0 0 0 0 0 0 0 0 0 0 0 0 0 0 0 0 0 0 0 0 0 0 0
5.17836 0.0615314 -4.20819 191.868 -4374 2.46735 -35.6941 -89.6032 13122 3.24944 30.0127 -396.397 -13122 0.221676 9.88955 294.132 4374 0 0 0 0 0 0 0 0 0 0 0 0 0 0 0 0 0 0 0 0 0 0 0 0
5.18036 0.0534776 -3.83247 183.102 -4374 2.39566 -35.8473 -63.3066 13122 3.30877 29.192 -422.693 -13122 0.242091 10.4878 302.898 4374 0 0 0 0 0 0 0 0 0 0 0 0 0 0 0 0 0 0 0 0 0 0 0 0
5.18236 0.0461591 -3.47431 174.337 -4374 2.32371 -35.9478 -37.01 13122 3.36641 28.3185 -448.99 -13122 0.263723 11.1036 311.663 4374 0 0 0 0 0 0 0 0 0 0 0 0 0 0 0 0 0 0 0 0 0 0 0 0
5.18437 0.0395408 -3.13372 165.571 -4374 2.25161 -35.9956 -10.7134 13122 3.42224 27.3924 -475.287 -13122 0.286607 11.7369 320.429 4374 0 0 0 0 0 0 0 0 0 0 0 0 0 0 0 0 0 0 0 0 0 0 0 0
5.18637 0.0335874 -2.8107 156.806 -4374 2.17947 -35.9907 15.5832 13122 3.47616 26.4136 -501.583 -13122 0.310777 12.3879 329.194 4374 0 0 0 0 0 0 0 0 0 0 0 0 0 0 0 0 0 0 0 0 0 0 0 0
5.18838 0.0282637 -2.50524 148.04 -4374 2.1074 -35.9332 41.8798 13122 3.52807 25.3821 -527.88 -13122 0.336269 13.0563 337.96 4374 0 0 0 0 0 0 0 0 0 0 0 0 0 0 0 0 0 0 0 0 0 0 0 0
5.19038 0.0235346 -2.21735 139.275 -4374 2.03549 -35.8229 68.1764 13122 3.57786 24.2978 -554.176 -13122 0.363118 13.7424 346.725 4374 0 0 0 0 0 0 0 0 0 0 0 0 0 0 0 0 0 0 0 0 0 0 0 0
5.19238 0.0193648 -1.94703 130.509 -4374 1.96385 -35.6599 94.4729 13122 3.62542 23.1609 -580.473 -13122 0.39136 14.446 355.491 4374 0 0 0 0 0 0 0 0 0 0 0 0 0 0 0 0 0 0 0 0 0 0 0 0
5.19439 0.0157191 -1.69427 121.743 -4374 1.8926 -35.4442 120.77 13122 3.67065 21.9713 -606.77 -13122 0.42103 15.1672 364.257 4374 0 0 0 0 0 0 0 0 0 0 0 0 0 0 0 0 0 0 0 0 0 0 0 0
5.19639 0.0125624 -1.45908 112.978 -4374 1.82183 -35.1759 147.066 13122 3.71345 20.729 -633.066 -13122 0.452163 15.906 373.022 4374 0 0 0 0 0 0 0 0 0 0 0 0 0 0 0 0 0 0 0 0 0 0 0 0
5.1984 0.00985938 -1.24145 104.212 -4374 1.75165 -34.8548 173.363 13122 3.7537 19.434 -659.363 -13122 0.484793 16.6623 381.788 4374 0 0 0 0 0 0 0 0 0 0 0 0 0 0 0 0 0 0 0 0 0 0 0 0
5.2004 0.00757489 -1.04139 95.4469 -4374 1.68216 -34.481 199.659 13122 3.7913 18.0862 -685.659 -13122 0.518957 17.4362 390.553 4374 0 0 0 0 0 0 0 0 0 0 0 0 0 0 0 0 0 0 0 0 0 0 0 0
5.2024 0.00567373 -0.8589 86.6814 -4374 1.61348 -34.0546 225.956 13122 3.82615 16.6858 -711.956 -13122 0.554689 18.2276 399.319 4374 0 0 0 0 0 0 0 0 0 0 0 0 0 0 0 0 0 0 0 0 0 0 0 0
5.20441 0.00412067 -0.693973 77.9158 -4374 1.54571 -33.5754 252.253 13122 3.85815 15.2327 -738.253 -13122 0.592026 19.0367 408.084 4374 0 0 0 0 0 0 0 0 0 0 0 0 0 0 0 0 0 0 0 0 0 0 0 0
5.20641 0.00288054 -0.546612 69.1503 -4374 1.47895 -33.0435 278.549 13122 3.88717 13.7269 -764.549 -13122 0.631 19.8632 416.85 4374 0 0 0 0 0 0 0 0 0 0 0 0 0 0 0 0 0 0 0 0 0 0 0 0
5.20842 0.00191811 -0.416818 60.3848 -4374 1.4133 -32.459 304.846 13122 3.91313 12.1684 -790.846 -13122 0.671649 20.7074 425.615 4374 0 0 0 0 0 0 0 0 0 0 0 0 0 0 0 0 0 0 0 0 0 0 0 0
5.21042 0.00119819 -0.304589 51.6192 -4374 1.34889 -31.8217 331.142 13122 3.93591 10.5572 -817.142 -13122 0.714008 21.5691 434.381 4374 0 0 0 0 0 0 0 0 0 0 0 0 0 0 0 0 0 0 0 0 0 0 0 0
5.21242 0.000685577 -0.209927 42.8537 -4374 1.2858 -31.1317 357.439 13122 3.95541 8.89327 -843.439 -13122 0.758111 22.4484 443.146 4374 0 0 0 0 0 0 0 0 0 0 0 0 0 0 0 0 0 0 0 0 0 0 0 0
5.21443 0.000345066 -0.132831 34.0882 -4374 1.22414 -30.3891 383.735 13122 3.97152 7.17666 -869.735 -13122 0.803993 23.3453 451.912 4374 0 0 0 0 0 0 0 0 0 0 0 0 0 0 0 0 0 0 0 0 0 0 0 0
5.21643 0.000141455 -0.0733009 25.3226 -4374 1.16403 -29.5937 410.032 13122 3.98414 5.40735 -896.032 -13122 0.85169 24.2597 460.677 4374 0 0 0 0 0 0 0 0 0 0 0 0 0 0 0 0 0 0 0 0 0 0 0 0
5.21844 3.95408e-05 -0.0313372 16.5571 -4374 1.10557 -28.7457 436.329 13122 3.99315 3.58535 -922.329 -13122 0.901238 25.1917 469.443 4374 0 0 0 0 0 0 0 0 0 0 0 0 0 0 0 0 0 0 0 0 0 0 0 0
5.22044 4.12067e-06 -0.00693973 7.79158 -4374 1.04885 -27.8449 462.625 13122 3.99847 1.71064 -948.625 -13122 0.952671 26.1412 478.208 4374 0 0 0 0 0 0 0 0 0 0 0 0 0 0 0 0 0 0 0 0 0 0 0 0
5.22244 0 0 0 0 0.994 -26.8919 485.026 -4374 3.99998 -0.216108 -969.078 13122 1.00602 27.1079 483.078 -13122 8.04819e-09 0.000108433 0.973948 4374 0 0 0 0 0 0 0 0 0 0 0 0 0 0 0 0 0 0 0 0
5.22445 0 0 0 0 0.941077 -25.9287 476.261 -4374 3.99761 -2.1318 -942.782 13122 1.0613 28.0496 456.782 -13122 8.04819e-06 0.0108433 9.73948 4374 0 0 0 0 0 0 0 0 0 0 0 0 0 0 0 0 0 0 0 0
5.22645 0 0 0 0 0.890066 -24.983 467.495 -4374 3.99147 -3.99479 -916.485 13122 1.11841 28.9387 430.485 -13122 5.52026e-05 0.0391444 18.505 4374 0 0 0 0 0 0 0 0 0 0 0 0 0 0 0 0 0 0 0 0
5.22846 0 0 0 0 0.840932 -24.055 458.729 -4374 3.98164 -5.80509 -890.188 13122 1.17725 29.775 404.188 -13122 0.000176674 0.0850117 27.2705 4374 0 0 0 0 0 0 0 0 0 0 0 0 0 0 0 0 0 0 0 0
5.23046 0 0 0 0 0.793641 -23.1444 449.964 -4374 3.96824 -7.56268 -863.892 13122 1.23772 30.5587 377.892 -13122 0.000407665 0.148445 36.0361 4374 0 0 0 0 0 0 0 0 0 0 0 0 0 0 0 0 0 0 0 0
5.23246 0 0 0 0 0.748157 -22.2515 441.198 -4374 3.95136 -9.26758 -837.595 13122 1.2997 31.2896 351.595 -13122 0.000783379 0.229445 44.8016 4374 0 0 0 0 0 0 0 0 0 0 0 0 0 0 0 0 0 0 0 0
5.23447 0 0 0 0 0.704445 -21.3761 432.433 -4374 3.93113 -10.9198 -811.299 13122 1.36309 31.9679 325.299 -13122 0.00133902 0.328011 53.5671 4374 0 0 0 0 0 0 0 0 0 0 0 0 0 0 0 0 0 0 0 0
5.23647 0 0 0 0 0.66247 -20.5183 423.667 -4374 3.90763 -12.5193 -785.002 13122 1.42779 32.5934 299.002 -13122 0.00210979 0.444143 62.3327 4374 0 0 0 0 0 0 0 0 0 0 0 0 0 0 0 0 0 0 0 0
5.23848 0 0 0 0 0.622196 -19.678 414.902 -4374 3.88098 -14.0661 -758.705 13122 1.49369 33.1663 272.705 -13122 0.00313088 0.577841 71.0982 4374 0 0 0 0 0 0 0 0 0 0 0 0 0 0 0 0 0 0 0 0
5.24048 0 0 0 0 0.583588 -18.8554 406.136 -4374 3.85129 -15.5602 -732.409 13122 1.56069 33.6864 246.409 -13122 0.00443752 0.729106 79.8637 4374 0 0 0 0 0 0 0 0 0 0 0 0 0 0 0 0 0 0 0 0
5.24248 0 0 0 0 0.546612 -18.0502 397.371 -4374 3.81865 -17.0016 -706.112 13122 1.62867 34.1539 220.112 -13122 0.00606488 0.897936 88.6293 4374 0 0 0 0 0 0 0 0 0 0 0 0 0 0 0 0 0 0 0 0
5.24449 0 0 0 0 0.511231 -17.2627 388.605 -4374 3.78318 -18.3903 -679.816 13122 1.69754 34.5686 193.816 -13122 0.00804819 1.08433 97.3948 4374 0 0 0 0 0 0 0 0 0 0 0 0 0 0 0 0 0 0 0 0
5.24649 0 0 0 0 0.477411 -16.4927 379.84 -4374 3.74498 -19.7263 -653.519 13122 1.76719 34.9307 167.519 -13122 0.0104226 1.2883 106.16 4374 0 0 0 0 0 0 0 0 0 0 0 0 0 0 0 0 0 0 0 0
5.2485 0 0 0 0 0.445116 -15.7403 371.074 -4374 3.70415 -21.0096 -627.222 13122 1.83751 35.2401 141.222 -13122 0.0132234 1.50983 114.926 4374 0 0 0 0 0 0 0 0 0 0 0 0 0 0 0 0 0 0 0 0
5.2505 0 0 0 0 0.414312 -15.0054 362.309 -4374 3.66081 -22.2402 -600.926 13122 1.90839 35.4967 114.926 -13122 0.0164858 1.74892 123.691 4374 0 0 0 0 0 0 0 0 0 0 0 0 0 0 0 0 0 0 0 0
5.25251 0 0 0 0 0.384962 -14.2881 353.543 -4374 3.61505 -23.4181 -574.629 13122 1.97974 35.7007 88.6293 -13122 0.0202449 2.00558 132.457 4374 0 0 0 0 0 0 0 0 0 0 0 0 0 0 0 0 0 0 0 0
5.25451 0 0 0 0 0.357033 -13.5884 344.778 -4374 3.56698 -24.5433 -548.333 13122 2.05145 35.852 62.3327 -13122 0.0245359 2.27981 141.222 4374 0 0 0 0 0 0 0 0 0 0 0 0 0 0 0 0 0 0 0 0
5.25651 0 0 0 0 0.330488 -12.9063 336.012 -4374 3.51671 -25.6158 -522.036 13122 2.1234 35.9505 36.0361 -13122 0.0293941 2.5716 149.988 4374 0 0 0 0 0 0 0 0 0 0 0 0 0 0 0 0 0 0 0 0
5.25852 0 0 0 0 0.305293 -12.2417 327.246 -4374 3.46435 -26.6357 -495.739 13122 2.1955 35.9964 9.73948 -13122 0.0348547 2.88096 158.754 4374 0 0 0 0 0 0 0 0 0 0 0 0 0 0 0 0 0 0 0 0
5.26052 0 0 0 0 0.281411 -11.5947 318.481 -4374 3.40999 -27.6028 -469.443 13122 2.26764 35.9896 -16.5571 -13122 0.0409528 3.20789 167.519 4374 0 0 0 0 0 0 0 0 0 0 0 0 0 0 0 0 0 0 0 0
5.26253 0 0 0 0 0.258809 -10.9652 309.715 -4374 3.35375 -28.5172 -443.146 13122 2.33971 35.93 -42.8537 -13122 0.0477237 3.55238 176.285 4374 0 0 0 0 0 0 0 0 0 0 0 0 0 0 0 0 0 0 0 0
5.26453 0 0 0 0 0.237451 -10.3533 300.95 -4374 3.29573 -29.3789 -416.85 13122 2.41161 35.8178 -69.1503 -13122 0.0552026 3.91444 185.05 4374 0 0 0 0 0 0 0 0 0 0 0 0 0 0 0 0 0 0 0 0
5.26653 0 0 0 0 0.217301 -9.759 292.184 -4374 3.23604 -30.1879 -390.553 13122 2.48324 35.6529 -95.4469 -13122 0.0634246 4.29407 193.816 4374 0 0 0 0 0 0 0 0 0 0 0 0 0 0 0 0 0 0 0 0
5.26854 0 0 0 0 0.198325 -9.18224 283.419 -4374 3.17477 -30.9443 -364.257 13122 2.55448 35.4352 -121.743 -13122 0.072425 4.69126 202.581 4374 0 0 0 0 0 0 0 0 0 0 0 0 0 0 0 0 0 0 0 0
5.27054 0 0 0 0 0.180487 -8.62305 274.653 -4374 3.11205 -31.6479 -337.96 13122 2.62523 35.1649 -148.04 -13122 0.082239 5.10602 211.347 4374 0 0 0 0 0 0 0 0 0 0 0 0 0 0 0 0 0 0 0 0
5.27255 0 0 0 0 0.163752 -8.08143 265.888 -4374 3.04796 -32.2988 -311.663 13122 2.69538 34.8419 -174.337 -13122 0.0929017 5.53834 220.112 4374 0 0 0 0 0 0 0 0 0 0 0 0 0 0 0 0 0 0 0 0
5.27455 0 0 0 0 0.148085 -7.55737 257.122 -4374 2.98263 -32.897 -285.367 13122 2.76484 34.4662 -200.633 -13122 0.104448 5.98823 228.878 4374 0 0 0 0 0 0 0 0 0 0 0 0 0 0 0 0 0 0 0 0
5.27655 0 0 0 0 0.13345 -7.05088 248.357 -4374 2.91615 -33.4426 -259.07 13122 2.83349 34.0378 -226.93 -13122 0.116914 6.45568 237.643 4374 0 0 0 0 0 0 0 0 0 0 0 0 0 0 0 0 0 0 0 0
5.27856 0 0 0 0 0.119813 -6.56195 239.591 -4374 2.84862 -33.9354 -232.774 13122 2.90123 33.5566 -253.226 -13122 0.130335 6.94071 246.409 4374 0 0 0 0 0 0 0 0 0 0 0 0 0 0 0 0 0 0 0 0
5.28056 0 0 0 0 0.107138 -6.09059 230.826 -4374 2.78017 -34.3755 -206.477 13122 2.96795 33.0228 -279.523 -13122 0.144745 7.4433 255.174 4374 0 0 0 0 0 0 0 0 0 0 0 0 0 0 0 0 0 0 0 0
5.28257 0 0 0 0 0.09539 -5.6368 222.06 -4374 2.71088 -34.763 -180.18 13122 3.03355 32.4363 -305.82 -13122 0.160179 7.96345 263.94 4374 0 0 0 0 0 0 0 0 0 0 0 0 0 0 0 0 0 0 0 0
5.28457 0 0 0 0 0.0845339 -5.20057 213.295 -4374 2.64087 -35.0977 -153.884 13122 3.09792 31.7971 -332.116 -13122 0.176674 8.50117 272.705 4374 0 0 0 0 0 0 0 0 0 0 0 0 0 0 0 0 0 0 0 0
5.28657 0 0 0 0 0.0745343 -4.78191 204.529 -4374 2.57025 -35.3797 -127.587 13122 3.16096 31.1052 -358.413 -13122 0.194264 9.05646 281.471 4374 0 0 0 0 0 0 0 0 0 0 0 0 0 0 0 0 0 0 0 0
5.28858 0 0 0 0 0.0653562 -4.38081 195.764 -4374 2.49911 -35.6091 -101.291 13122 3.22255 30.3606 -384.709 -13122 0.212984 9.62931 290.236 4374 0 0 0 0 0 0 0 0 0 0 0 0 0 0 0 0 0 0 0 0
5.29058 0 0 0 0 0.0569642 -3.99729 186.998 -4374 2.42756 -35.7857 -74.994 13122 3.28261 29.5633 -411.006 -13122 0.23287 10.2197 299.002 4374 0 0 0 0 0 0 0 0 0 0 0 0 0 0 0 0 0 0 0 0
5.29259 0 0 0 0 0.0493232 -3.63132 178.232 -4374 2.35571 -35.9096 -48.6974 13122 3.34101 28.7132 -437.303 -13122 0.253957 10.8277 307.768 4374 0 0 0 0 0 0 0 0 0 0 0 0 0 0 0 0 0 0 0 0
5.29459 0 0 0 0 0.0423981 -3.28293 169.467 -4374 2.28367 -35.9809 -22.4008 13122 3.39765 27.8105 -463.599 -13122 0.276279 11.4533 316.533 4374 0 0 0 0 0 0 0 0 0 0 0 0 0 0 0 0 0 0 0 0
5.29659 0 0 0 0 0.0361535 -2.9521 160.701 -4374 2.21153 -35.9994 3.89579 13122 3.45244 26.8551 -489.896 -13122 0.299873 12.0964 325.299 4374 0 0 0 0 0 0 0 0 0 0 0 0 0 0 0 0 0 0 0 0
5.2986 0 0 0 0 0.0305543 -2.63883 151.936 -4374 2.13942 -35.9653 30.1924 13122 3.50526 25.847 -516.192 -13122 0.324774 12.7571 334.064 4374 0 0 0 0 0 0 0 0 0 0 0 0 0 0 0 0 0 0 0 0
5.3006 0 0 0 0 0.0255653 -2.34314 143.17 -4374 2.06742 -35.8784 56.489 13122 3.556 24.7862 -542.489 -13122 0.351016 13.4353 342.83 4374 0 0 0 0 0 0 0 0 0 0 0 0 0 0 0 0 0 0 0 0
5.30261 0 0 0 0 0.0211512 -2.065 134.405 -4374 1.99565 -35.7389 82.7856 13122 3.60456 23.6727 -568.786 -13122 0.378634 14.1311 351.595 4374 0 0 0 0 0 0 0 0 0 0 0 0 0 0 0 0 0 0 0 0
5.30461 0 0 0 0 0.017277 -1.80444 125.639 -4374 1.92421 -35.5466 109.082 13122 3.65084 22.5065 -595.082 -13122 0.407665 14.8445 360.361 4374 0 0 0 0 0 0 0 0 0 0 0 0 0 0 0 0 0 0 0 0
5.30661 0 0 0 0 0.0139073 -1.56144 116.874 -4374 1.85321 -35.3017 135.379 13122 3.69474 21.2876 -621.379 -13122 0.438143 15.5755 369.126 4374 0 0 0 0 0 0 0 0 0 0 0 0 0 0 0 0 0 0 0 0
5.30862 0 0 0 0 0.011007 -1.33601 108.108 -4374 1.78276 -35.004 161.675 13122 3.73613 20.016 -647.675 -13122 0.470104 16.324 377.892 4374 0 0 0 0 0 0 0 0 0 0 0 0 0 0 0 0 0 0 0 0
5.31062 0 0 0 0 0.00854081 -1.12814 99.3427 -4374 1.71295 -34.6537 187.972 13122 3.77492 18.6917 -673.972 -13122 0.503582 17.0901 386.657 4374 0 0 0 0 0 0 0 0 0 0 0 0 0 0 0 0 0 0 0 0
5.31263 0 0 0 0 0.00647362 -0.93784 90.5772 -4374 1.6439 -34.2506 214.269 13122 3.81101 17.3147 -700.269 -13122 0.538613 17.8737 395.423 4374 0 0 0 0 0 0 0 0 0 0 0 0 0 0 0 0 0 0 0 0
5.31463 0 0 0 0 0.0047702 -0.765105 81.8116 -4374 1.57571 -33.7949 240.565 13122 3.84429 15.885 -726.565 -13122 0.575231 18.6749 404.188 4374 0 0 0 0 0 0 0 0 0 0 0 0 0 0 0 0 0 0 0 0
5.31663 0 0 0 0 0.00339533 -0.609937 73.0461 -4374 1.50849 -33.2864 266.862 13122 3.87464 14.4027 -752.862 -13122 0.613474 19.4937 412.954 4374 0 0 0 0 0 0 0 0 0 0 0 0 0 0 0 0 0 0 0 0
5.31864 0 0 0 0 0.00231382 -0.472335 64.2806 -4374 1.44233 -32.7253 293.158 13122 3.90198 12.8676 -779.158 -13122 0.653374 20.3301 421.719 4374 0 0 0 0 0 0 0 0 0 0 0 0 0 0 0 0 0 0 0 0
5.32064 0 0 0 0 0.00149047 -0.3523 55.515 -4374 1.37736 -32.1114 319.455 13122 3.92618 11.2798 -805.455 -13122 0.694969 21.184 430.485 4374 0 0 0 0 0 0 0 0 0 0 0 0 0 0 0 0 0 0 0 0
5.32265 0 0 0 0 0.000890066 -0.24983 46.7495 -4374 1.31367 -31.4449 345.752 13122 3.94715 9.63929 -831.752 -13122 0.738292 22.0554 439.251 4374 0 0 0 0 0 0 0 0 0 0 0 0 0 0 0 0 0 0 0 0
5.32465 0 0 0 0 0.000477411 -0.164927 37.984 -4374 1.25136 -30.7257 372.048 13122 3.96478 7.9461 -858.048 -13122 0.783379 22.9445 448.016 4374 0 0 0 0 0 0 0 0 0 0 0 0 0 0 0 0 0 0 0 0
5.32665 0 0 0 0 0.000217301 -0.09759 29.2184 -4374 1.19055 -29.9537 398.345 13122 3.97897 6.20022 -884.345 -13122 0.830265 23.8511 456.782 4374 0 0 0 0 0 0 0 0 0 0 0 0 0 0 0 0 0 0 0 0
5.32866 0 0 0 0 7.45343e-05 -0.0478191 20.4529 -4374 1.13134 -29.1291 424.641 13122 3.9896 4.40163 -910.641 -13122 0.878986 24.7753 465.547 4374 0 0 0 0 0 0 0 0 0 0 0 0 0 0 0 0 0 0 0 0
5.33066 0 0 0 0 1.39073e-05 -0.0156144 11.6874 -4374 1.07384 -28.2518 450.938 13122 3.99657 2.55035 -936.938 -13122 0.929577 25.717 474.313 4374 0 0 0 0 0 0 0 0 0 0 0 0 0 0 0 0 0 0 0 0
5.33267 0 0 0 0 2.17301e-07 -0.0009759 2.92184 -4374 1.01814 -27.3217 477.234 13122 3.99978 0.646371 -963.234 -13122 0.982072 26.6763 483.078 4374 0 0 0 0 0 0 0 0 0 0 0 0 0 0 0 0 0 0 0 0
5.33467 0 0 0 0 0 0 0 0 0.96436 -26.3546 480.156 -4374 3.99914 -1.28689 -954.469 13122 1.0365 27.6376 468.469 -13122 1.73841e-06 0.0039036 5.84369 4374 0 0 0 0 0 0 0 0 0 0 0 0 0 0 0 0
5.33667 0 0 0 0 0 0 0 0 0.912503 -25.4012 471.391 -4374 3.99466 -3.1733 -928.172 13122 1.09281 28.5501 442.172 -13122 2.71627e-05 0.0243975 14.6092 4374 0 0 0 0 0 0 0 0 0 0 0 0 0 0 0 0
5.33868 0 0 0 0 0 0 0 0 0.86254 -24.4653 462.625 -4374 3.98645 -5.00702 -901.876 13122 1.15089 29.4098 415.876 -13122 0.000111258 0.0624576 23.3747 4374 0 0 0 0 0 0 0 0 0 0 0 0 0 0 0 0
5.34068 0 0 0 0 0 0 0 0 0.814434 -23.5469 453.86 -4374 3.97463 -6.78803 -875.579 13122 1.21065 30.2169 389.579 -13122 0.000289228 0.118084 32.1403 4374 0 0 0 0 0 0 0 0 0 0 0 0 0 0 0 0
5.34269 0 0 0 0 0 0 0 0 0.768152 -22.6462 445.094 -4374 3.95928 -8.51635 -849.283 13122 1.27197 30.9713 363.283 -13122 0.000596274 0.191276 40.9058 4374 0 0 0 0 0 0 0 0 0 0 0 0 0 0 0 0
5.34469 0 0 0 0 0 0 0 0 0.723656 -21.763 436.329 -4374 3.94053 -10.192 -822.986 13122 1.33475 31.6729 336.986 -13122 0.0010676 0.282035 49.6713 4374 0 0 0 0 0 0 0 0 0 0 0 0 0 0 0 0
5.34669 0 0 0 0 0 0 0 0 0.680913 -20.8974 427.563 -4374 3.91847 -11.8149 -796.689 13122 1.39888 32.3219 310.689 -13122 0.00173841 0.39036 58.4369 4374 0 0 0 0 0 0 0 0 0 0 0 0 0 0 0 0
5.3487 0 0 0 0 0 0 0 0 0.639888 -20.0493 418.798 -4374 3.89321 -13.3851 -770.393 13122 1.46426 32.9182 284.393 -13122 0.0026439 0.516251 67.2024 4374 0 0 0 0 0 0 0 0 0 0 0 0 0 0 0 0
5.3507 0 0 0 0 0 0 0 0 0.600544 -19.2188 410.032 -4374 3.86486 -14.9026 -744.096 13122 1.53078 33.4618 258.096 -13122 0.00381929 0.659708 75.9679 4374 0 0 0 0 0 0 0 0 0 0 0 0 0 0 0 0
5.35271 0 0 0 0 0 0 0 0 0.562847 -18.4059 401.267 -4374 3.83351 -16.3675 -717.8 13122 1.59834 33.9526 231.8 -13122 0.00529976 0.820732 84.7335 4374 0 0 0 0 0 0 0 0 0 0 0 0 0 0 0 0
5.35471 0 0 0 0 0 0 0 0 0.526761 -17.6105 392.501 -4374 3.79929 -17.7796 -691.503 13122 1.66683 34.3908 205.503 -13122 0.00712053 0.999321 93.499 4374 0 0 0 0 0 0 0 0 0 0 0 0 0 0 0 0
5.35671 0 0 0 0 0 0 0 0 0.492251 -16.8328 383.735 -4374 3.76229 -19.139 -665.206 13122 1.73614 34.7763 179.206 -13122 0.00931679 1.19548 102.265 4374 0 0 0 0 0 0 0 0 0 0 0 0 0 0 0 0
5.35872 0 0 0 0 0 0 0 0 0.459283 -16.0725 374.97 -4374 3.72262 -20.4457 -638.91 13122 1.80618 35.1091 152.91 -13122 0.0119238 1.4092 111.03 4374 0 0 0 0 0 0 0 0 0 0 0 0 0 0 0 0
5.36072 0 0 0 0 0 0 0 0 0.427821 -15.3299 366.204 -4374 3.68038 -21.6998 -612.613 13122 1.87683 35.3892 126.613 -13122 0.0149766 1.64049 119.796 4374 0 0 0 0 0 0 0 0 0 0 0 0 0 0 0 0
5.36273 0 0 0 0 0 0 0 0 0.397829 -14.6048 357.439 -4374 3.63568 -22.9011 -586.317 13122 1.94798 35.6165 100.317 -13122 0.0185106 1.88934 128.561 4374 0 0 0 0 0 0 0 0 0 0 0 0 0 0 0 0
5.36473 0 0 0 0 0 0 0 0 0.369273 -13.8972 348.673 -4374 3.58862 -24.0497 -560.02 13122 2.01954 35.7912 74.02 -13122 0.0225609 2.15576 137.327 4374 0 0 0 0 0 0 0 0 0 0 0 0 0 0 0 0
5.36673 0 0 0 0 0 0 0 0 0.342117 -13.2073 339.908 -4374 3.53932 -25.1457 -533.723 13122 2.0914 35.9132 47.7234 -13122 0.0271627 2.43975 146.092 4374 0 0 0 0 0 0 0 0 0 0 0 0 0 0 0 0
5.36874 0 0 0 0 0 0 0 0 0.316326 -12.5349 331.142 -4374 3.48788 -26.1889 -507.427 13122 2.16345 35.9825 21.4269 -13122 0.0323512 2.7413 154.858 4374 0 0 0 0 0 0 0 0 0 0 0 0 0 0 0 0
5.37074 0 0 0 0 0 0 0 0 0.291865 -11.8801 322.377 -4374 3.43439 -27.1795 -481.13 13122 2.23558 35.9991 -4.86974 -13122 0.0381616 3.06042 163.623 4374 0 0 0 0 0 0 0 0 0 0 0 0 0 0 0 0
5.37275 0 0 0 0 0 0 0 0 0.268699 -11.2428 313.611 -4374 3.37897 -28.1173 -454.834 13122 2.3077 35.963 -31.1663 -13122 0.0446291 3.39711 172.389 4374 0 0 0 0 0 0 0 0 0 0 0 0 0 0 0 0
5.37475 0 0 0 0 0 0 0 0 0.246792 -10.6231 304.846 -4374 3.32173 -29.0024 -428.537 13122 2.37969 35.8742 -57.4629 -13122 0.051789 3.75136 181.154 4374 0 0 0 0 0 0 0 0 0 0 0 0 0 0 0 0
5.37675 0 0 0 0 0 0 0 0 0.22611 -10.021 296.08 -4374 3.26277 -29.8349 -402.24 13122 2.45145 35.7327 -83.7595 -13122 0.0596763 4.12318 189.92 4374 0 0 0 0 0 0 0 0 0 0 0 0 0 0 0 0
5.37876 0 0 0 0 0 0 0 0 0.206616 -9.43641 287.315 -4374 3.20219 -30.6146 -375.944 13122 2.52287 35.5385 -110.056 -13122 0.0683265 4.51256 198.685 4374 0 0 0 0 0 0 0 0 0 0 0 0 0 0 0 0
5.38076 0 0 0 0 0 0 0 0 0.188277 -8.86941 278.549 -4374 3.1401 -31.3417 -349.647 13122 2.59385 35.2916 -136.353 -13122 0.0777745 4.91951 207.451 4374 0 0 0 0 0 0 0 0 0 0 0 0 0 0 0 0
5.38277 0 0 0 0 0 0 0 0 0.171056 -8.31998 269.784 -4374 3.07661 -32.016 -323.351 13122 2.66428 34.992 -162.649 -13122 0.0880557 5.34403 216.216 4374 0 0 0 0 0 0 0 0 0 0 0 0 0 0 0 0
5.38477 0 0 0 0 0 0 0 0 0.154918 -7.78811 261.018 -4374 3.01181 -32.6377 -297.054 13122 2.73406 34.6397 -188.946 -13122 0.0992052 5.78611 224.982 4374 0 0 0 0 0 0 0 0 0 0 0 0 0 0 0 0
5.38677 0 0 0 0 0 0 0 0 0.139829 -7.27381 252.253 -4374 2.94583 -33.2066 -270.758 13122 2.80308 34.2347 -215.242 -13122 0.111258 6.24576 233.747 4374 0 0 0 0 0 0 0 0 0 0 0 0 0 0 0 0
5.38878 0 0 0 0 0 0 0 0 0.125753 -6.77708 243.487 -4374 2.87876 -33.7229 -244.461 13122 2.87124 33.777 -241.539 -13122 0.12425 6.72297 242.513 4374 0 0 0 0 0 0 0 0 0 0 0 0 0 0 0 0
5.39078 0 0 0 0 0 0 0 0 0.112655 -6.29791 234.721 -4374 2.8107 -34.1864 -218.164 13122 2.93843 33.2666 -267.836 -13122 0.138216 7.21775 251.279 4374 0 0 0 0 0 0 0 0 0 0 0 0 0 0 0 0
5.39279 0 0 0 0 0 0 0 0 0.100499 -5.83631 225.956 -4374 2.74177 -34.5973 -191.868 13122 3.00454 32.7035 -294.132 -13122 0.153191 7.7301 260.044 4374 0 0 0 0 0 0 0 0 0 0 0 0 0 0 0 0
5.39479 0 0 0 0 0 0 0 0 0.089251 -5.39228 217.19 -4374 2.67207 -34.9554 -165.571 13122 3.06947 32.0877 -320.429 -13122 0.16921 8.26002 268.81 4374 0 0 0 0 0 0 0 0 0 0 0 0 0 0 0 0
5.39679 0 0 0 0 0 0 0 0 0.0788751 -4.96581 208.425 -4374 2.6017 -35.2609 -139.275 13122 3.13311 31.4192 -346.725 -13122 0.186309 8.80749 277.575 4374 0 0 0 0 0 0 0 0 0 0 0 0 0 0 0 0
5.3988 0 0 0 0 0 0 0 0 0.0693362 -4.55691 199.659 -4374 2.53078 -35.5136 -112.978 13122 3.19536 30.698 -373.022 -13122 0.204522 9.37254 286.341 4374 0 0 0 0 0 0 0 0 0 0 0 0 0 0 0 0
5.4008 0 0 0 0 0 0 0 0 0.0605992 -4.16557 190.894 -4374 2.4594 -35.7137 -86.6814 13122 3.25611 29.9241 -399.319 -13122 0.223886 9.95515 295.106 4374 0 0 0 0 0 0 0 0 0 0 0 0 0 0 0 0
5.40281 0 0 0 0 0 0 0 0 0.0526288 -3.7918 182.128 -4374 2.38767 -35.8611 -60.3848 13122 3.31526 29.0975 -425.615 -13122 0.244434 10.5553 303.872 4374 0 0 0 0 0 0 0 0 0 0 0 0 0 0 0 0
5.40481 0 0 0 0 0 0 0 0 0.0453898 -3.4356 173.363 -4374 2.3157 -35.9557 -34.0882 13122 3.3727 28.2182 -451.912 -13122 0.266203 11.1731 312.637 4374 0 0 0 0 0 0 0 0 0 0 0 0 0 0 0 0
5.40681 0 0 0 0 0 0 0 0 0.0388471 -3.09696 164.597 -4374 2.2436 -35.9977 -7.79158 13122 3.42833 27.2863 -478.208 -13122 0.289228 11.8084 321.403 4374 0 0 0 0 0 0 0 0 0 0 0 0 0 0 0 0
5.40882 0 0 0 0 0 0 0 0 0.0329654 -2.77589 155.832 -4374 2.17146 -35.987 18.505 13122 3.48203 26.3016 -504.505 -13122 0.313543 12.4613 330.168 4374 0 0 0 0 0 0 0 0 0 0 0 0 0 0 0 0
5.41082 0 0 0 0 0 0 0 0 0.0277095 -2.47239 147.066 -4374 2.0994 -35.9235 44.8016 13122 3.53371 25.2642 -530.802 -13122 0.339185 13.1317 338.934 4374 0 0 0 0 0 0 0 0 0 0 0 0 0 0 0 0
5.41283 0 0 0 0 0 0 0 0 0.0230443 -2.18645 138.301 -4374 2.02751 -35.8074 71.0982 13122 3.58326 24.1741 -557.098 -13122 0.366187 13.8197 347.699 4374 0 0 0 0 0 0 0 0 0 0 0 0 0 0 0 0
5.41483 0 0 0 0 0 0 0 0 0.0189345 -1.91808 129.535 -4374 1.95592 -35.6386 97.3948 13122 3.63056 23.0313 -583.395 -13122 0.394586 14.5253 356.465 4374 0 0 0 0 0 0 0 0 0 0 0 0 0 0 0 0
5.41683 0 0 0 0 0 0 0 0 0.0153449 -1.66727 120.77 -4374 1.88471 -35.417 123.691 13122 3.67553 21.8359 -609.691 -13122 0.424416 15.2484 365.23 4374 0 0 0 0 0 0 0 0 0 0 0 0 0 0 0 0
5.41884 0 0 0 0 0 0 0 0 0.0122403 -1.43403 112.004 -4374 1.814 -35.1428 149.988 13122 3.71805 20.5877 -635.988 -13122 0.455714 15.9891 373.996 4374 0 0 0 0 0 0 0 0 0 0 0 0 0 0 0 0
5.42084 0 0 0 0 0 0 0 0 0.00958553 -1.21836 103.238 -4374 1.74389 -34.8159 176.285 13122 3.75801 19.2868 -662.285 -13122 0.488513 16.7474 382.762 4374 0 0 0 0 0 0 0 0 0 0 0 0 0 0 0 0
5.42285 0 0 0 0 0 0 0 0 0.00734537 -1.02025 94.4729 -4374 1.67449 -34.4362 202.581 13122 3.79531 17.9332 -688.581 -13122 0.522849 17.5233 391.527 4374 0 0 0 0 0 0 0 0 0 0 0 0 0 0 0 0
5.42485 0 0 0 0 0 0 0 0 0.00548462 -0.839707 85.7074 -4374 1.60591 -34.0039 228.878 13122 3.82985 16.527 -714.878 -13122 0.558758 18.3167 400.293 4374 0 0 0 0 0 0 0 0 0 0 0 0 0 0 0 0
5.42685 0 0 0 0 0 0 0 0 0.00396807 -0.676732 76.9419 -4374 1.53824 -33.5189 255.174 13122 3.86152 15.068 -741.174 -13122 0.596274 19.1276 409.058 4374 0 0 0 0 0 0 0 0 0 0 0 0 0 0 0 0
5.42886 0 0 0 0 0 0 0 0 0.00276053 -0.531323 68.1764 -4374 1.4716 -32.9812 281.471 13122 3.89021 13.5563 -767.471 -13122 0.635434 19.9562 417.824 4374 0 0 0 0 0 0 0 0 0 0 0 0 0 0 0 0
5.43086 0 0 0 0 0 0 0 0 0.00182679 -0.40348 59.4108 -4374 1.40608 -32.3908 307.768 13122 3.91582 11.992 -793.768 -13122 0.676271 20.8023 426.589 4374 0 0 0 0 0 0 0 0 0 0 0 0 0 0 0 0
5.43287 0 0 0 0 0 0 0 0 0.00113164 -0.293204 50.6453 -4374 1.34181 -31.7476 334.064 13122 3.93824 10.3749 -820.064 -13122 0.718821 21.6659 435.355 4374 0 0 0 0 0 0 0 0 0 0 0 0 0 0 0 0
5.43487 0 0 0 0 0 0 0 0 0.000639888 -0.200493 41.8798 -4374 1.27887 -31.0518 360.361 13122 3.95737 8.70513 -846.361 -13122 0.76312 22.5472 444.12 4374 0 0 0 0 0 0 0 0 0 0 0 0 0 0 0 0
5.43687 0 0 0 0 0 0 0 0 0.000316326 -0.125349 33.1142 -4374 1.21739 -30.3033 386.657 13122 3.97309 6.98267 -872.657 -13122 0.809203 23.446 452.886 4374 0 0 0 0 0 0 0 0 0 0 0 0 0 0 0 0
5.43888 0 0 0 0 0 0 0 0 0.000125753 -0.0677708 24.3487 -4374 1.15745 -29.5021 412.954 13122 3.98532 5.20751 -898.954 -13122 0.857104 24.3624 461.651 4374 0 0 0 0 0 0 0 0 0 0 0 0 0 0 0 0
5.44088 0 0 0 0 0 0 0 0 3.29654e-05 -0.0277589 15.5832 -4374 1.09918 -28.6482 439.251 13122 3.99393 3.37965 -925.251 -13122 0.906859 25.2963 470.417 4374 0 0 0 0 0 0 0 0 0 0 0 0 0 0 0 0
5.44289 0 0 0 0 0 0 0 0 2.76053e-06 -0.00531323 6.81764 -4374 1.04267 -27.7416 465.547 13122 3.99883 1.49909 -951.547 -13122 0.958503 26.2478 479.182 4374 0 0 0 0 0 0 0 0 0 0 0 0 0 0 0 0
5.44489 0 0 0 0 0 0 0 0 0 0 0 0 0.988024 -26.784 484.052 -4374 3.9999 -0.431565 -966.156 13122 1.01207 27.2151 480.156 -13122 6.43855e-08 0.000433733 1.9479 4374 0 0 0 0 0 0 0 0 0 0 0 0
5.44689 0 0 0 0 0 0 0 0 0 0 0 0 0.935315 -25.8227 475.287 -4374 3.99712 -2.3414 -939.86 13122 1.06756 28.151 453.86 -13122 1.07121e-05 0.0131204 10.7134 4374 0 0 0 0 0 0 0 0 0 0 0 0
5.4489 0 0 0 0 0 0 0 0 0 0 0 0 0.884514 -24.879 466.521 -4374 3.99055 -4.19854 -913.563 13122 1.12487 29.0342 427.563 -13122 6.43855e-05 0.0433733 19.479 4374 0 0 0 0 0 0 0 0 0 0 0 0
5.4509 0 0 0 0 0 0 0 0 0 0 0 0 0.835588 -23.9529 457.756 -4374 3.98032 -6.00298 -887.267 13122 1.18389 29.8647 401.267 -13122 0.000196287 0.0911924 28.2445 4374 0 0 0 0 0 0 0 0 0 0 0 0
5.45291 0 0 0 0 0 0 0 0 0 0 0 0 0.788499 -23.0444 448.99 -4374 3.96653 -7.75472 -860.97 13122 1.24453 30.6425 374.97 -13122 0.00044162 0.156578 37.01 4374 0 0 0 0 0 0 0 0 0 0 0 0
5.45491 0 0 0 0 0 0 0 0 0 0 0 0 0.743214 -22.1534 440.224 -4374 3.94928 -9.45376 -834.673 13122 1.30667 31.3676 348.673 -13122 0.000835588 0.239529 45.7756 4374 0 0 0 0 0 0 0 0 0 0 0 0
5.45691 0 0 0 0 0 0 0 0 0 0 0 0 0.699696 -21.2799 431.459 -4374 3.92867 -11.1001 -808.377 13122 1.37022 32.04 322.377 -13122 0.00141339 0.340047 54.5411 4374 0 0 0 0 0 0 0 0 0 0 0 0
5.45892 0 0 0 0 0 0 0 0 0 0 0 0 0.657912 -20.4241 422.693 -4374 3.90482 -12.6937 -782.08 13122 1.43505 32.6597 296.08 -13122 0.00221023 0.458131 63.3066 4374 0 0 0 0 0 0 0 0 0 0 0 0
5.46092 0 0 0 0 0 0 0 0 0 0 0 0 0.617825 -19.5858 413.928 -4374 3.87783 -14.2347 -755.784 13122 1.50108 33.2267 269.784 -13122 0.00326132 0.593781 72.0721 4374 0 0 0 0 0 0 0 0 0 0 0 0
5.46293 0 0 0 0 0 0 0 0 0 0 0 0 0.5794 -18.765 405.162 -4374 3.84781 -15.7229 -729.487 13122 1.56819 33.741 243.487 -13122 0.00460185 0.746997 80.8377 4374 0 0 0 0 0 0 0 0 0 0 0 0
5.46493 0 0 0 0 0 0 0 0 0 0 0 0 0.542602 -17.9619 396.397 -4374 3.81485 -17.1585 -703.19 13122 1.63628 34.2026 217.19 -13122 0.00626703 0.917779 89.6032 4374 0 0 0 0 0 0 0 0 0 0 0 0
5.46693 0 0 0 0 0 0 0 0 0 0 0 0 0.507397 -17.1763 387.631 -4374 3.77907 -18.5413 -676.894 13122 1.70524 34.6115 190.894 -13122 0.00829206 1.10613 98.3687 4374 0 0 0 0 0 0 0 0 0 0 0 0
5.46894 0 0 0 0 0 0 0 0 0 0 0 0 0.473748 -16.4082 378.866 -4374 3.74057 -19.8715 -650.597 13122 1.77497 34.9677 164.597 -13122 0.0107121 1.31204 107.134 4374 0 0 0 0 0 0 0 0 0 0 0 0
5.47094 0 0 0 0 0 0 0 0 0 0 0 0 0.44162 -15.6578 370.1 -4374 3.69946 -21.1489 -624.301 13122 1.84536 35.2712 138.301 -13122 0.0135625 1.53552 115.9 4374 0 0 0 0 0 0 0 0 0 0 0 0
5.47295 0 0 0 0 0 0 0 0 0 0 0 0 0.410979 -14.9249 361.335 -4374 3.65584 -22.3737 -598.004 13122 1.9163 35.522 112.004 -13122 0.0168783 1.77657 124.665 4374 0 0 0 0 0 0 0 0 0 0 0 0
5.47495 0 0 0 0 0 0 0 0 0 0 0 0 0.38179 -14.2095 352.569 -4374 3.60982 -23.5457 -571.707 13122 1.98769 35.7201 85.7074 -13122 0.0206947 2.03518 133.431 4374 0 0 0 0 0 0 0 0 0 0 0 0
5.47695 0 0 0 0 0 0 0 0 0 0 0 0 0.354016 -13.5118 343.804 -4374 3.5615 -24.6651 -545.411 13122 2.05943 35.8655 59.4108 -13122 0.0250471 2.31136 142.196 4374 0 0 0 0 0 0 0 0 0 0 0 0
5.47896 0 0 0 0 0 0 0 0 0 0 0 0 0.327622 -12.8316 335.038 -4374 3.511 -25.7318 -519.114 13122 2.13141 35.9582 33.1142 -13122 0.0299705 2.60511 150.962 4374 0 0 0 0 0 0 0 0 0 0 0 0
5.48096 0 0 0 0 0 0 0 0 0 0 0 0 0.302575 -12.1689 326.273 -4374 3.45841 -26.7457 -492.818 13122 2.20352 35.9982 6.81764 -13122 0.0355001 2.91642 159.727 4374 0 0 0 0 0 0 0 0 0 0 0 0
5.48297 0 0 0 0 0 0 0 0 0 0 0 0 0.278837 -11.5239 317.507 -4374 3.40384 -27.707 -466.521 13122 2.27566 35.9855 -19.479 -13122 0.0416713 3.2453 168.493 4374 0 0 0 0 0 0 0 0 0 0 0 0
5.48497 0 0 0 0 0 0 0 0 0 0 0 0 0.256375 -10.8964 308.741 -4374 3.34739 -28.6155 -440.224 13122 2.34771 35.9202 -45.7756 -13122 0.0485191 3.59174 177.259 4374 0 0 0 0 0 0 0 0 0 0 0 0
5.48697 0 0 0 0 0 0 0 0 0 0 0 0 0.235153 -10.2864 299.976 -4374 3.28918 -29.4714 -413.928 13122 2.41959 35.8021 -72.0721 -13122 0.0560788 3.95576 186.024 4374 0 0 0 0 0 0 0 0 0 0 0 0
5.48898 0 0 0 0 0 0 0 0 0 0 0 0 0.215135 -9.69405 291.21 -4374 3.22931 -30.2746 -387.631 13122 2.49117 35.6313 -98.3687 -13122 0.0643855 4.33733 194.79 4374 0 0 0 0 0 0 0 0 0 0 0 0
5.49098 0 0 0 0 0 0 0 0 0 0 0 0 0.196287 -9.11924 282.445 -4374 3.16787 -31.025 -361.335 13122 2.56236 35.4078 -124.665 -13122 0.0734746 4.73647 203.555 4374 0 0 0 0 0 0 0 0 0 0 0 0
5.49299 0 0 0 0 0 0 0 0 0 0 0 0 0.178574 -8.562 273.679 -4374 3.10499 -31.7228 -335.038 13122 2.63305 35.1316 -150.962 -13122 0.0833811 5.15318 212.321 4374 0 0 0 0 0 0 0 0 0 0 0 0
5.49499 0 0 0 0 0 0 0 0 0 0 0 0 0.161959 -8.02233 264.914 -4374 3.04076 -32.3679 -308.741 13122 2.70314 34.8028 -177.259 -13122 0.0941404 5.58746 221.086 4374 0 0 0 0 0 0 0 0 0 0 0 0
5.49699 0 0 0 0 0 0 0 0 0 0 0 0 0.146408 -7.50022 256.148 -4374 2.9753 -32.9603 -282.445 13122 2.77251 34.4212 -203.555 -13122 0.105788 6.0393 229.852 4374 0 0 0 0 0 0 0 0 0 0 0 0
5.499 0 0 0 0 0 0 0 0 0 0 0 0 0.131886 -6.99568 247.383 -4374 2.90869 -33.4999 -256.148 13122 2.84106 33.9869 -229.852 -13122 0.118358 6.50871 238.617 4374 0 0 0 0 0 0 0 0 0 0 0 0
5.501 0 0 0 0 0 0 0 0 0 0 0 0 0.118358 -6.50871 238.617 -4374 2.84106 -33.9869 -229.852 13122 2.90869 33.4999 -256.148 -13122 0.131886 6.99568 247.383 4374 0 0 0 0 0 0 0 0 0 0 0 0
5.50301 0 0 0 0 0 0 0 0 0 0 0 0 0.105788 -6.0393 229.852 -4374 2.77251 -34.4212 -203.555 13122 2.9753 32.9603 -282.445 -13122 0.146408 7.50022 256.148 4374 0 0 0 0 0 0 0 0 0 0 0 0
5.50501 0 0 0 0 0 0 0 0 0 0 0 0 0.0941404 -5.58746 221.086 -4374 2.70314 -34.8028 -177.259 13122 3.04076 32.3679 -308.741 -13122 0.161959 8.02233 264.914 4374 0 0 0 0 0 0 0 0 0 0 0 0
5.50701 0 0 0 0 0 0 0 0 0 0 0 0 0.0833811 -5.15318 212.321 -4374 2.63305 -35.1316 -150.962 13122 3.10499 31.7228 -335.038 -13122 0.178574 8.562 273.679 4374 0 0 0 0 0 0 0 0 0 0 0 0
5.50902 0 0 0 0 0 0 0 0 0 0 0 0 0.0734746 -4.73647 203.555 -4374 2.56236 -35.4078 -124.665 13122 3.16787 31.025 -361.335 -13122 0.196287 9.11924 282.445 4374 0 0 0 0 0 0 0 0 0 0 0 0
5.51102 0 0 0 0 0 0 0 0 0 0 0 0 0.0643855 -4.33733 194.79 -4374 2.49117 -35.6313 -98.3687 13122 3.22931 30.2746 -387.631 -13122 0.215135 9.69405 291.21 4374 0 0 0 0 0 0 0 0 0 0 0 0
5.51303 0 0 0 0 0 0 0 0 0 0 0 0 0.0560788 -3.95576 186.024 -4374 2.41959 -35.8021 -72.0721 13122 3.28918 29.4714 -413.928 -13122 0.235153 10.2864 299.976 4374 0 0 0 0 0 0 0 0 0 0 0 0
5.51503 0 0 0 0 0 0 0 0 0 0 0 0 0.0485191 -3.59174 177.259 -4374 2.34771 -35.9202 -45.7756 13122 3.34739 28.6155 -440.224 -13122 0.256375 10.8964 308.741 4374 0 0 0 0 0 0 0 0 0 0 0 0
5.51703 0 0 0 0 0 0 0 0 0 0 0 0 0.0416713 -3.2453 168.493 -4374 2.27566 -35.9855 -19.479 13122 3.40384 27.707 -466.521 -13122 0.278837 11.5239 317.507 4374 0 0 0 0 0 0 0 0 0 0 0 0
5.51904 0 0 0 0 0 0 0 0 0 0 0 0 0.0355001 -2.91642 159.727 -4374 2.20352 -35.9982 6.81764 13122 3.45841 26.7457 -492.818 -13122 0.302575 12.1689 326.273 4374 0 0 0 0 0 0 0 0 0 0 0 0
5.52104 0 0 0 0 0 0 0 0 0 0 0 0 0.0299705 -2.60511 150.962 -4374 2.13141 -35.9582 33.1142 13122 3.511 25.7318 -519.114 -13122 0.327622 12.8316 335.038 4374 0 0 0 0 0 0 0 0 0 0 0 0
5.52305 0 0 0 0 0 0 0 0 0 0 0 0 0.0250471 -2.31136 142.196 -4374 2.05943 -35.8655 59.4108 13122 3.5615 24.6651 -545.411 -13122 0.354016 13.5118 343.804 4374 0 0 0 0 0 0 0 0 0 0 0 0
5.52505 0 0 0 0 0 0 0 0 0 0 0 0 0.0206947 -2.03518 133.431 -4374 1.98769 -35.7201 85.7074 13122 3.60982 23.5457 -571.707 -13122 0.38179 14.2095 352.569 4374 0 0 0 0 0 0 0 0 0 0 0 0
5.52705 0 0 0 0 0 0 0 0 0 0 0 0 0.0168783 -1.77657 124.665 -4374 1.9163 -35.522 112.004 13122 3.65584 22.3737 -598.004 -13122 0.410979 14.9249 361.335 4374 0 0 0 0 0 0 0 0 0 0 0 0
5.52906 0 0 0 0 0 0 0 0 0 0 0 0 0.0135625 -1.53552 115.9 -4374 1.84536 -35.2712 138.301 13122 3.69946 21.1489 -624.301 -13122 0.44162 15.6578 370.1 4374 0 0 0 0 0 0 0 0 0 0 0 0
5.53106 0 0 0 0 0 0 0 0 0 0 0 0 0.0107121 -1.31204 107.134 -4374 1.77497 -34.9677 164.597 13122 3.74057 19.8715 -650.597 -13122 0.473748 16.4082 378.866 4374 0 0 0 0 0 0 0 0 0 0 0 0
5.53307 0 0 0 0 0 0 0 0 0 0 0 0 0.00829206 -1.10613 98.3687 -4374 1.70524 -34.6115 190.894 13122 3.77907 18.5413 -676.894 -13122 0.507397 17.1763 387.631 4374 0 0 0 0 0 0 0 0 0 0 0 0
5.53507 0 0 0 0 0 0 0 0 0 0 0 0 0.00626703 -0.917779 89.6032 -4374 1.63628 -34.2026 217.19 13122 3.81485 17.1585 -703.19 -13122 0.542602 17.9619 396.397 4374 0 0 0 0 0 0 0 0 0 0 0 0
5.53707 0 0 0 0 0 0 0 0 0 0 0 0 0.00460185 -0.746997 80.8377 -4374 1.56819 -33.741 243.487 13122 3.84781 15.7229 -729.487 -13122 0.5794 18.765 405.162 4374 0 0 0 0 0 0 0 0 0 0 0 0
5.53908 0 0 0 0 0 0 0 0 0 0 0 0 0.00326132 -0.593781 72.0721 -4374 1.50108 -33.2267 269.784 13122 3.87783 14.2347 -755.784 -13122 0.617825 19.5858 413.928 4374 0 0 0 0 0 0 0 0 0 0 0 0
5.54108 0 0 0 0 0 0 0 0 0 0 0 0 0.00221023 -0.458131 63.3066 -4374 1.43505 -32.6597 296.08 13122 3.90482 12.6937 -782.08 -13122 0.657912 20.4241 422.693 4374 0 0 0 0 0 0 0 0 0 0 0 0
5.54309 0 0 0 0 0 0 0 0 0 0 0 0 0.00141339 -0.340047 54.5411 -4374 1.37022 -32.04 322.377 13122 3.92867 11.1001 -808.377 -13122 0.699696 21.2799 431.459 4374 0 0 0 0 0 0 0 0 0 0 0 0
5.54509 0 0 0 0 0 0 0 0 0 0 0 0 0.000835588 -0.239529 45.7756 -4374 1.30667 -31.3676 348.673 13122 3.94928 9.45376 -834.673 -13122 0.743214 22.1534 440.224 4374 0 0 0 0 0 0 0 0 0 0 0 0
5.54709 0 0 0 0 0 0 0 0 0 0 0 0 0.00044162 -0.156578 37.01 -4374 1.24453 -30.6425 374.97 13122 3.96653 7.75472 -860.97 -13122 0.788499 23.0444 448.99 4374 0 0 0 0 0 0 0 0 0 0 0 0
5.5491 0 0 0 0 0 0 0 0 0 0 0 0 0.000196287 -0.0911924 28.2445 -4374 1.18389 -29.8647 401.267 13122 3.98032 6.00298 -887.267 -13122 0.835588 23.9529 457.756 4374 0 0 0 0 0 0 0 0 0 0 0 0
5.5511 0 0 0 0 0 0 0 0 0 0 0 0 6.43855e-05 -0.0433733 19.479 -4374 1.12487 -29.0342 427.563 13122 3.99055 4.19854 -913.563 -13122 0.884514 24.879 466.521 4374 0 0 0 0 0 0 0 0 0 0 0 0
5.55311 0 0 0 0 0 0 0 0 0 0 0 0 1.07121e-05 -0.0131204 10.7134 -4374 1.06756 -28.151 453.86 13122 3.99712 2.3414 -939.86 -13122 0.935315 25.8227 475.287 4374 0 0 0 0 0 0 0 0 0 0 0 0
5.55511 0 0 0 0 0 0 0 0 0 0 0 0 6.43855e-08 -0.000433733 1.9479 -4374 1.01207 -27.2151 480.156 13122 3.9999 0.431565 -966.156 -13122 0.988024 26.784 484.052 4374 0 0 0 0 0 0 0 0 0 0 0 0
5.55711 0 0 0 0 0 0 0 0 0 0 0 0 0 0 0 0 0.958503 -26.2478 479.182 -4374 3.99883 -1.49909 -951.547 13122 1.04267 27.7416 465.547 -13122 2.76053e-06 0.00531323 6.81764 4374 0 0 0 0 0 0 0 0
5.55912 0 0 0 0 0 0 0 0 0 0 0 0 0 0 0 0 0.906859 -25.2963 470.417 -4374 3.99393 -3.37965 -925.251 13122 1.09918 28.6482 439.251 -13122 3.29654e-05 0.0277589 15.5832 4374 0 0 0 0 0 0 0 0
5.56112 0 0 0 0 0 0 0 0 0 0 0 0 0 0 0 0 0.857104 -24.3624 461.651 -4374 3.98532 -5.20751 -898.954 13122 1.15745 29.5021 412.954 -13122 0.000125753 0.0677708 24.3487 4374 0 0 0 0 0 0 0 0
5.56313 0 0 0 0 0 0 0 0 0 0 0 0 0 0 0 0 0.809203 -23.446 452.886 -4374 3.97309 -6.98267 -872.657 13122 1.21739 30.3033 386.657 -13122 0.000316326 0.125349 33.1142 4374 0 0 0 0 0 0 0 0
5.56513 0 0 0 0 0 0 0 0 0 0 0 0 0 0 0 0 0.76312 -22.5472 444.12 -4374 3.95737 -8.70513 -846.361 13122 1.27887 31.0518 360.361 -13122 0.000639888 0.200493 41.8798 4374 0 0 0 0 0 0 0 0
5.56713 0 0 0 0 0 0 0 0 0 0 0 0 0 0 0 0 0.718821 -21.6659 435.355 -4374 3.93824 -10.3749 -820.064 13122 1.34181 31.7476 334.064 -13122 0.00113164 0.293204 50.6453 4374 0 0 0 0 0 0 0 0
5.56914 0 0 0 0 0 0 0 0 0 0 0 0 0 0 0 0 0.676271 -20.8023 426.589 -4374 3.91582 -11.992 -793.768 13122 1.40608 32.3908 307.768 -13122 0.00182679 0.40348 59.4108 4374 0 0 0 0 0 0 0 0
5.57114 0 0 0 0 0 0 0 0 0 0 0 0 0 0 0 0 0.635434 -19.9562 417.824 -4374 3.89021 -13.5563 -767.471 13122 1.4716 32.9812 281.471 -13122 0.00276053 0.531323 68.1764 4374 0 0 0 0 0 0 0 0
5.57315 0 0 0 0 0 0 0 0 0 0 0 0 0 0 0 0 0.596274 -19.1276 409.058 -4374 3.86152 -15.068 -741.174 13122 1.53824 33.5189 255.174 -13122 0.00396807 0.676732 76.9419 4374 0 0 0 0 0 0 0 0
5.57515 0 0 0 0 0 0 0 0 0 0 0 0 0 0 0 0 0.558758 -18.3167 400.293 -4374 3.82985 -16.527 -714.878 13122 1.60591 34.0039 228.878 -13122 0.00548462 0.839707 85.7074 4374 0 0 0 0 0 0 0 0
5.57715 0 0 0 0 0 0 0 0 0 0 0 0 0 0 0 0 0.522849 -17.5233 391.527 -4374 3.79531 -17.9332 -688.581 13122 1.67449 34.4362 202.581 -13122 0.00734537 1.02025 94.4729 4374 0 0 0 0 0 0 0 0
5.57916 0 0 0 0 0 0 0 0 0 0 0 0 0 0 0 0 0.488513 -16.7474 382.762 -4374 3.75801 -19.2868 -662.285 13122 1.74389 34.8159 176.285 -13122 0.00958553 1.21836 103.238 4374 0 0 0 0 0 0 0 0
5.58116 0 0 0 0 0 0 0 0 0 0 0 0 0 0 0 0 0.455714 -15.9891 373.996 -4374 3.71805 -20.5877 -635.988 13122 1.814 35.1428 149.988 -13122 0.0122403 1.43403 112.004 4374 0 0 0 0 0 0 0 0
5.58317 0 0 0 0 0 0 0 0 0 0 0 0 0 0 0 0 0.424416 -15.2484 365.23 -4374 3.67553 -21.8359 -609.691 13122 1.88471 35.417 123.691 -13122 0.0153449 1.66727 120.77 4374 0 0 0 0 0 0 0 0
5.58517 0 0 0 0 0 0 0 0 0 0 0 0 0 0 0 0 0.394586 -14.5253 356.465 -4374 3.63056 -23.0313 -583.395 13122 1.95592 35.6386 97.3948 -13122 0.0189345 1.91808 129.535 4374 0 0 0 0 0 0 0 0
5.58717 0 0 0 0 0 0 0 0 0 0 0 0 0 0 0 0 0.366187 -13.8197 347.699 -4374 3.58326 -24.1741 -557.098 13122 2.02751 35.8074 71.0982 -13122 0.0230443 2.18645 138.301 4374 0 0 0 0 0 0 0 0
5.58918 0 0 0 0 0 0 0 0 0 0 0 0 0 0 0 0 0.339185 -13.1317 338.934 -4374 3.53371 -25.2642 -530.802 13122 2.0994 35.9235 44.8016 -13122 0.0277095 2.47239 147.066 4374 0 0 0 0 0 0 0 0
5.59118 0 0 0 0 0 0 0 0 0 0 0 0 0 0 0 0 0.313543 -12.4613 330.168 -4374 3.48203 -26.3016 -504.505 13122 2.17146 35.987 18.505 -13122 0.0329654 2.77589 155.832 4374 0 0 0 0 0 0 0 0
5.59319 0 0 0 0 0 0 0 0 0 0 0 0 0 0 0 0 0.289228 -11.8084 321.403 -4374 3.42833 -27.2863 -478.208 13122 2.2436 35.9977 -7.79158 -13122 0.0388471 3.09696 164.597 4374 0 0 0 0 0 0 0 0
5.59519 0 0 0 0 0 0 0 0 0 0 0 0 0 0 0 0 0.266203 -11.1731 312.637 -4374 3.3727 -28.2182 -451.912 13122 2.3157 35.9557 -34.0882 -13122 0.0453898 3.4356 173.363 4374 0 0 0 0 0 0 0 0
5.59719 0 0 0 0 0 0 0 0 0 0 0 0 0 0 0 0 0.244434 -10.5553 303.872 -4374 3.31526 -29.0975 -425.615 13122 2.38767 35.8611 -60.3848 -13122 0.0526288 3.7918 182.128 4374 0 0 0 0 0 0 0 0
5.5992 0 0 0 0 0 0 0 0 0 0 0 0 0 0 0 0 0.223886 -9.95515 295.106 -4374 3.25611 -29.9241 -399.319 13122 2.4594 35.7137 -86.6814 -13122 0.0605992 4.16557 190.894 4374 0 0 0 0 0 0 0 0
5.6012 0 0 0 0 0 0 0 0 0 0 0 0 0 0 0 0 0.204522 -9.37254 286.341 -4374 3.19536 -30.698 -373.022 13122 2.53078 35.5136 -112.978 -13122 0.0693362 4.55691 199.659 4374 0 0 0 0 0 0 0 0
5.60321 0 0 0 0 0 0 0 0 0 0 0 0 0 0 0 0 0.186309 -8.80749 277.575 -4374 3.13311 -31.4192 -346.725 13122 2.6017 35.2609 -139.275 -13122 0.0788751 4.96581 208.425 4374 0 0 0 0 0 0 0 0
5.60521 0 0 0 0 0 0 0 0 0 0 0 0 0 0 0 0 0.16921 -8.26002 268.81 -4374 3.06947 -32.0877 -320.429 13122 2.67207 34.9554 -165.571 -13122 0.089251 5.39228 217.19 4374 0 0 0 0 0 0 0 0
5.60721 0 0 0 0 0 0 0 0 0 0 0 0 0 0 0 0 0.153191 -7.7301 260.044 -4374 3.00454 -32.7035 -294.132 13122 2.74177 34.5973 -191.868 -13122 0.100499 5.83631 225.956 4374 0 0 0 0 0 0 0 0
5.60922 0 0 0 0 0 0 0 0 0 0 0 0 0 0 0 0 0.138216 -7.21775 251.279 -4374 2.93843 -33.2666 -267.836 13122 2.8107 34.1864 -218.164 -13122 0.112655 6.29791 234.721 4374 0 0 0 0 0 0 0 0
5.61122 0 0 0 0 0 0 0 0 0 0 0 0 0 0 0 0 0.12425 -6.72297 242.513 -4374 2.87124 -33.777 -241.539 13122 2.87876 33.7229 -244.461 -13122 0.125753 6.77708 243.487 4374 0 0 0 0 0 0 0 0
5.61323 0 0 0 0 0 0 0 0 0 0 0 0 0 0 0 0 0.111258 -6.24576 233.747 -4374 2.80308 -34.2347 -215.242 13122 2.94583 33.2066 -270.758 -13122 0.139829 7.27381 252.253 4374 0 0 0 0 0 0 0 0
5.61523 0 0 0 0 0 0 0 0 0 0 0 0 0 0 0 0 0.0992052 -5.78611 224.982 -4374 2.73406 -34.6397 -188.946 13122 3.01181 32.6377 -297.054 -13122 0.154918 7.78811 261.018 4374 0 0 0 0 0 0 0 0
5.61723 0 0 0 0 0 0 0 0 0 0 0 0 0 0 0 0 0.0880557 -5.34403 216.216 -4374 2.66428 -34.992 -162.649 13122 3.07661 32.016 -323.351 -13122 0.171056 8.31998 269.784 4374 0 0 0 0 0 0 0 0
5.61924 0 0 0 0 0 0 0 0 0 0 0 0 0 0 0 0 0.0777745 -4.91951 207.451 -4374 2.59385 -35.2916 -136.353 13122 3.1401 31.3417 -349.647 -13122 0.188277 8.86941 278.549 4374 0 0 0 0 0 0 0 0
5.62124 0 0 0 0 0 0 0 0 0 0 0 0 0 0 0 0 0.0683265 -4.51256 198.685 -4374 2.52287 -35.5385 -110.056 13122 3.20219 30.6146 -375.944 -13122 0.206616 9.43641 287.315 4374 0 0 0 0 0 0 0 0
5.62325 0 0 0 0 0 0 0 0 0 0 0 0 0 0 0 0 0.0596763 -4.12318 189.92 -4374 2.45145 -35.7327 -83.7595 13122 3.26277 29.8349 -402.24 -13122 0.22611 10.021 296.08 4374 0 0 0 0 0 0 0 0
5.62525 0 0 0 0 0 0 0 0 0 0 0 0 0 0 0 0 0.051789 -3.75136 181.154 -4374 2.37969 -35.8742 -57.4629 13122 3.32173 29.0024 -428.537 -13122 0.246792 10.6231 304.846 4374 0 0 0 0 0 0 0 0
5.62725 0 0 0 0 0 0 0 0 0 0 0 0 0 0 0 0 0.0446291 -3.39711 172.389 -4374 2.3077 -35.963 -31.1663 13122 3.37897 28.1173 -454.834 -13122 0.268699 11.2428 313.611 4374 0 0 0 0 0 0 0 0
5.62926 0 0 0 0 0 0 0 0 0 0 0 0 0 0 0 0 0.0381616 -3.06042 163.623 -4374 2.23558 -35.9991 -4.86974 13122 3.43439 27.1795 -481.13 -13122 0.291865 11.8801 322.377 4374 0 0 0 0 0 0 0 0
5.63126 0 0 0 0 0 0 0 0 0 0 0 0 0 0 0 0 0.0323512 -2.7413 154.858 -4374 2.16345 -35.9825 21.4269 13122 3.48788 26.1889 -507.427 -13122 0.316326 12.5349 331.142 4374 0 0 0 0 0 0 0 0
5.63327 0 0 0 0 0 0 0 0 0 0 0 0 0 0 0 0 0.0271627 -2.43975 146.092 -4374 2.0914 -35.9132 47.7234 13122 3.53932 25.1457 -533.723 -13122 0.342117 13.2073 339.908 4374 0 0 0 0 0 0 0 0
5.63527 0 0 0 0 0 0 0 0 0 0 0 0 0 0 0 0 0.0225609 -2.15576 137.327 -4374 2.01954 -35.7912 74.02 13122 3.58862 24.0497 -560.02 -13122 0.369273 13.8972 348.673 4374 0 0 0 0 0 0 0 0
5.63727 0 0 0 0 0 0 0 0 0 0 0 0 0 0 0 0 0.0185106 -1.88934 128.561 -4374 1.94798 -35.6165 100.317 13122 3.63568 22.9011 -586.317 -13122 0.397829 14.6048 357.439 4374 0 0 0 0 0 0 0 0
5.63928 0 0 0 0 0 0 0 0 0 0 0 0 0 0 0 0 0.0149766 -1.64049 119.796 -4374 1.87683 -35.3892 126.613 13122 3.68038 21.6998 -612.613 -13122 0.427821 15.3299 366.204 4374 0 0 0 0 0 0 0 0
5.64128 0 0 0 0 0 0 0 0 0 0 0 0 0 0 0 0 0.0119238 -1.4092 111.03 -4374 1.80618 -35.1091 152.91 13122 3.72262 20.4457 -638.91 -13122 0.459283 16.0725 374.97 4374 0 0 0 0 0 0 0 0
5.64329 0 0 0 0 0 0 0 0 0 0 0 0 0 0 0 0 0.00931679 -1.19548 102.265 -4374 1.73614 -34.7763 179.206 13122 3.76229 19.139 -665.206 -13122 0.492251 16.8328 383.735 4374 0 0 0 0 0 0 0 0
5.64529 0 0 0 0 0 0 0 0 0 0 0 0 0 0 0 0 0.00712053 -0.999321 93.499 -4374 1.66683 -34.3908 205.503 13122 3.79929 17.7796 -691.503 -13122 0.526761 17.6105 392.501 4374 0 0 0 0 0 0 0 0
5.64729 0 0 0 0 0 0 0 0 0 0 0 0 0 0 0 0 0.00529976 -0.820732 84.7335 -4374 1.59834 -33.9526 231.8 13122 3.83351 16.3675 -717.8 -13122 0.562847 18.4059 401.267 4374 0 0 0 0 0 0 0 0
5.6493 0 0 0 0 0 0 0 0 0 0 0 0 0 0 0 0 0.00381929 -0.659708 75.9679 -4374 1.53078 -33.4618 258.096 13122 3.86486 14.9026 -744.096 -13122 0.600544 19.2188 410.032 4374 0 0 0 0 0 0 0 0
5.6513 0 0 0 0 0 0 0 0 0 0 0 0 0 0 0 0 0.0026439 -0.516251 67.2024 -4374 1.46426 -32.9182 284.393 13122 3.89321 13.3851 -770.393 -13122 0.639888 20.0493 418.798 4374 0 0 0 0 0 0 0 0
5.65331 0 0 0 0 0 0 0 0 0 0 0 0 0 0 0 0 0.00173841 -0.39036 58.4369 -4374 1.39888 -32.3219 310.689 13122 3.91847 11.8149 -796.689 -13122 0.680913 20.8974 427.563 4374 0 0 0 0 0 0 0 0
5.65531 0 0 0 0 0 0 0 0 0 0 0 0 0 0 0 0 0.0010676 -0.282035 49.6713 -4374 1.33475 -31.6729 336.986 13122 3.94053 10.192 -822.986 -13122 0.723656 21.763 436.329 4374 0 0 0 0 0 0 0 0
5.65731 0 0 0 0 0 0 0 0 0 0 0 0 0 0 0 0 0.000596274 -0.191276 40.9058 -4374 1.27197 -30.9713 363.283 13122 3.95928 8.51635 -849.283 -13122 0.768152 22.6462 445.094 4374 0 0 0 0 0 0 0 0
5.65932 0 0 0 0 0 0 0 0 0 0 0 0 0 0 0 0 0.000289228 -0.118084 32.1403 -4374 1.21065 -30.2169 389.579 13122 3.97463 6.78803 -875.579 -13122 0.814434 23.5469 453.86 4374 0 0 0 0 0 0 0 0
5.66132 0 0 0 0 0 0 0 0 0 0 0 0 0 0 0 0 0.000111258 -0.0624576 23.3747 -4374 1.15089 -29.4098 415.876 13122 3.98645 5.00702 -901.876 -13122 0.86254 24.4653 462.625 4374 0 0 0 0 0 0 0 0
5.66333 0 0 0 0 0 0 0 0 0 0 0 0 0 0 0 0 2.71627e-05 -0.0243975 14.6092 -4374 1.09281 -28.5501 442.172 13122 3.99466 3.1733 -928.172 -13122 0.912503 25.4012 471.391 4374 0 0 0 0 0 0 0 0
5.66533 0 0 0 0 0 0 0 0 0 0 0 0 0 0 0 0 1.73841e-06 -0.0039036 5.84369 -4374 1.0365 -27.6376 468.469 13122 3.99914 1.28689 -954.469 -13122 0.96436 26.3546 480.156 4374 0 0 0 0 0 0 0 0
5.66733 0 0 0 0 0 0 0 0 0 0 0 0 0 0 0 0 0 0 0 0 0.982072 -26.6763 483.078 -4374 3.99978 -0.646371 -963.234 13122 1.01814 27.3217 477.234 -13122 2.17301e-07 0.0009759 2.92184 4374 0 0 0 0
5.66934 0 0 0 0 0 0 0 0 0 0 0 0 0 0 0 0 0 0 0 0 0.929577 -25.717 474.313 -4374 3.99657 -2.55035 -936.938 13122 1.07384 28.2518 450.938 -13122 1.39073e-05 0.0156144 11.6874 4374 0 0 0 0
5.67134 0 0 0 0 0 0 0 0 0 0 0 0 0 0 0 0 0 0 0 0 0.878986 -24.7753 465.547 -4374 3.9896 -4.40163 -910.641 13122 1.13134 29.1291 424.641 -13122 7.45343e-05 0.0478191 20.4529 4374 0 0 0 0
5.67335 0 0 0 0 0 0 0 0 0 0 0 0 0 0 0 0 0 0 0 0 0.830265 -23.8511 456.782 -4374 3.97897 -6.20022 -884.345 13122 1.19055 29.9537 398.345 -13122 0.000217301 0.09759 29.2184 4374 0 0 0 0
5.67535 0 0 0 0 0 0 0 0 0 0 0 0 0 0 0 0 0 0 0 0 0.783379 -22.9445 448.016 -4374 3.96478 -7.9461 -858.048 13122 1.25136 30.7257 372.048 -13122 0.000477411 0.164927 37.984 4374 0 0 0 0
5.67735 0 0 0 0 0 0 0 0 0 0 0 0 0 0 0 0 0 0 0 0 0.738292 -22.0554 439.251 -4374 3.94715 -9.63929 -831.752 13122 1.31367 31.4449 345.752 -13122 0.000890066 0.24983 46.7495 4374 0 0 0 0
5.67936 0 0 0 0 0 0 0 0 0 0 0 0 0 0 0 0 0 0 0 0 0.694969 -21.184 430.485 -4374 3.92618 -11.2798 -805.455 13122 1.37736 32.1114 319.455 -13122 0.00149047 0.3523 55.515 4374 0 0 0 0
5.68136 0 0 0 0 0 0 0 0 0 0 0 0 0 0 0 0 0 0 0 0 0.653374 -20.3301 421.719 -4374 3.90198 -12.8676 -779.158 13122 1.44233 32.7253 293.158 -13122 0.00231382 0.472335 64.2806 4374 0 0 0 0
5.68337 0 0 0 0 0 0 0 0 0 0 0 0 0 0 0 0 0 0 0 0 0.613474 -19.4937 412.954 -4374 3.87464 -14.4027 -752.862 13122 1.50849 33.2864 266.862 -13122 0.00339533 0.609937 73.0461 4374 0 0 0 0
5.68537 0 0 0 0 0 0 0 0 0 0 0 0 0 0 0 0 0 0 0 0 0.575231 -18.6749 404.188 -4374 3.84429 -15.885 -726.565 13122 1.57571 33.7949 240.565 -13122 0.0047702 0.765105 81.8116 4374 0 0 0 0
5.68737 0 0 0 0 0 0 0 0 0 0 0 0 0 0 0 0 0 0 0 0 0.538613 -17.8737 395.423 -4374 3.81101 -17.3147 -700.269 13122 1.6439 34.2506 214.269 -13122 0.00647362 0.93784 90.5772 4374 0 0 0 0
5.68938 0 0 0 0 0 0 0 0 0 0 0 0 0 0 0 0 0 0 0 0 0.503582 -17.0901 386.657 -4374 3.77492 -18.6917 -673.972 13122 1.71295 34.6537 187.972 -13122 0.00854081 1.12814 99.3427 4374 0 0 0 0
5.69138 0 0 0 0 0 0 0 0 0 0 0 0 0 0 0 0 0 0 0 0 0.470104 -16.324 377.892 -4374 3.73613 -20.016 -647.675 13122 1.78276 35.004 161.675 -13122 0.011007 1.33601 108.108 4374 0 0 0 0
5.69339 0 0 0 0 0 0 0 0 0 0 0 0 0 0 0 0 0 0 0 0 0.438143 -15.5755 369.126 -4374 3.69474 -21.2876 -621.379 13122 1.85321 35.3017 135.379 -13122 0.0139073 1.56144 116.874 4374 0 0 0 0
5.69539 0 0 0 0 0 0 0 0 0 0 0 0 0 0 0 0 0 0 0 0 0.407665 -14.8445 360.361 -4374 3.65084 -22.5065 -595.082 13122 1.92421 35.5466 109.082 -13122 0.017277 1.80444 125.639 4374 0 0 0 0
5.69739 0 0 0 0 0 0 0 0 0 0 0 0 0 0 0 0 0 0 0 0 0.378634 -14.1311 351.595 -4374 3.60456 -23.6727 -568.786 13122 1.99565 35.7389 82.7856 -13122 0.0211512 2.065 134.405 4374 0 0 0 0
5.6994 0 0 0 0 0 0 0 0 0 0 0 0 0 0 0 0 0 0 0 0 0.351016 -13.4353 342.83 -4374 3.556 -24.7862 -542.489 13122 2.06742 35.8784 56.489 -13122 0.0255653 2.34314 143.17 4374 0 0 0 0
5.7014 0 0 0 0 0 0 0 0 0 0 0 0 0 0 0 0 0 0 0 0 0.324774 -12.7571 334.064 -4374 3.50526 -25.847 -516.192 13122 2.13942 35.9653 30.1924 -13122 0.0305543 2.63883 151.936 4374 0 0 0 0
5.70341 0 0 0 0 0 0 0 0 0 0 0 0 0 0 0 0 0 0 0 0 0.299873 -12.0964 325.299 -4374 3.45244 -26.8551 -489.896 13122 2.21153 35.9994 3.89579 -13122 0.0361535 2.9521 160.701 4374 0 0 0 0
5.70541 0 0 0 0 0 0 0 0 0 0 0 0 0 0 0 0 0 0 0 0 0.276279 -11.4533 316.533 -4374 3.39765 -27.8105 -463.599 13122 2.28367 35.9809 -22.4008 -13122 0.0423981 3.28293 169.467 4374 0 0 0 0
5.70741 0 0 0 0 0 0 0 0 0 0 0 0 0 0 0 0 0 0 0 0 0.253957 -10.8277 307.768 -4374 3.34101 -28.7132 -437.303 13122 2.35571 35.9096 -48.6974 -13122 0.0493232 3.63132 178.232 4374 0 0 0 0
5.70942 0 0 0 0 0 0 0 0 0 0 0 0 0 0 0 0 0 0 0 0 0.23287 -10.2197 299.002 -4374 3.28261 -29.5633 -411.006 13122 2.42756 35.7857 -74.994 -13122 0.0569642 3.99729 186.998 4374 0 0 0 0
5.71142 0 0 0 0 0 0 0 0 0 0 0 0 0 0 0 0 0 0 0 0 0.212984 -9.62931 290.236 -4374 3.22255 -30.3606 -384.709 13122 2.49911 35.6091 -101.291 -13122 0.0653562 4.38081 195.764 4374 0 0 0 0
5.71343 0 0 0 0 0 0 0 0 0 0 0 0 0 0 0 0 0 0 0 0 0.194264 -9.05646 281.471 -4374 3.16096 -31.1052 -358.413 13122 2.57025 35.3797 -127.587 -13122 0.0745343 4.78191 204.529 4374 0 0 0 0
5.71543 0 0 0 0 0 0 0 0 0 0 0 0 0 0 0 0 0 0 0 0 0.176674 -8.50117 272.705 -4374 3.09792 -31.7971 -332.116 13122 2.64087 35.0977 -153.884 -13122 0.0845339 5.20057 213.295 4374 0 0 0 0
5.71743 0 0 0 0 0 0 0 0 0 0 0 0 0 0 0 0 0 0 0 0 0.160179 -7.96345 263.94 -4374 3.03355 -32.4363 -305.82 13122 2.71088 34.763 -180.18 -13122 0.09539 5.6368 222.06 4374 0 0 0 0
5.71944 0 0 0 0 0 0 0 0 0 0 0 0 0 0 0 0 0 0 0 0 0.144745 -7.4433 255.174 -4374 2.96795 -33.0228 -279.523 13122 2.78017 34.3755 -206.477 -13122 0.107138 6.09059 230.826 4374 0 0 0 0
5.72144 0 0 0 0 0 0 0 0 0 0 0 0 0 0 0 0 0 0 0 0 0.130335 -6.94071 246.409 -4374 2.90123 -33.5566 -253.226 13122 2.84862 33.9354 -232.774 -13122 0.119813 6.56195 239.591 4374 0 0 0 0
5.72345 0 0 0 0 0 0 0 0 0 0 0 0 0 0 0 0 0 0 0 0 0.116914 -6.45568 237.643 -4374 2.83349 -34.0378 -226.93 13122 2.91615 33.4426 -259.07 -13122 0.13345 7.05088 248.357 4374 0 0 0 0
5.72545 0 0 0 0 0 0 0 0 0 0 0 0 0 0 0 0 0 0 0 0 0.104448 -5.98823 228.878 -4374 2.76484 -34.4662 -200.633 13122 2.98263 32.897 -285.367 -13122 0.148085 7.55737 257.122 4374 0 0 0 0
5.72745 0 0 0 0 0 0 0 0 0 0 0 0 0 0 0 0 0 0 0 0 0.0929017 -5.53834 220.112 -4374 2.69538 -34.8419 -174.337 13122 3.04796 32.2988 -311.663 -13122 0.163752 8.08143 265.888 4374 0 0 0 0
5.72946 0 0 0 0 0 0 0 0 0 0 0 0 0 0 0 0 0 0 0 0 0.082239 -5.10602 211.347 -4374 2.62523 -35.1649 -148.04 13122 3.11205 31.6479 -337.96 -13122 0.180487 8.62305 274.653 4374 0 0 0 0
5.73146 0 0 0 0 0 0 0 0 0 0 0 0 0 0 0 0 0 0 0 0 0.072425 -4.69126 202.581 -4374 2.55448 -35.4352 -121.743 13122 3.17477 30.9443 -364.257 -13122 0.198325 9.18224 283.419 4374 0 0 0 0
5.73347 0 0 0 0 0 0 0 0 0 0 0 0 0 0 0 0 0 0 0 0 0.0634246 -4.29407 193.816 -4374 2.48324 -35.6529 -95.4469 13122 3.23604 30.1879 -390.553 -13122 0.217301 9.759 292.184 4374 0 0 0 0
5.73547 0 0 0 0 0 0 0 0 0 0 0 0 0 0 0 0 0 0 0 0 0.0552026 -3.91444 185.05 -4374 2.41161 -35.8178 -69.1503 13122 3.29573 29.3789 -416.85 -13122 0.237451 10.3533 300.95 4374 0 0 0 0
5.73747 0 0 0 0 0 0 0 0 0 0 0 0 0 0 0 0 0 0 0 0 0.0477237 -3.55238 176.285 -4374 2.33971 -35.93 -42.8537 13122 3.35375 28.5172 -443.146 -13122 0.258809 10.9652 309.715 4374 0 0 0 0
5.73948 0 0 0 0 0 0 0 0 0 0 0 0 0 0 0 0 0 0 0 0 0.0409528 -3.20789 167.519 -4374 2.26764 -35.9896 -16.5571 13122 3.40999 27.6028 -469.443 -13122 0.281411 11.5947 318.481 4374 0 0 0 0
5.74148 0 0 0 0 0 0 0 0 0 0 0 0 0 0 0 0 0 0 0 0 0.0348547 -2.88096 158.754 -4374 2.1955 -35.9964 9.73948 13122 3.46435 26.6357 -495.739 -13122 0.305293 12.2417 327.246 4374 0 0 0 0
5.74349 0 0 0 0 0 0 0 0 0 0 0 0 0 0 0 0 0 0 0 0 0.0293941 -2.5716 149.988 -4374 2.1234 -35.9505 36.0361 13122 3.51671 25.6158 -522.036 -13122 0.330488 12.9063 336.012 4374 0 0 0 0
5.74549 0 0 0 0 0 0 0 0 0 0 0 0 0 0 0 0 0 0 0 0 0.0245359 -2.27981 141.222 -4374 2.05145 -35.852 62.3327 13122 3.56698 24.5433 -548.333 -13122 0.357033 13.5884 344.778 4374 0 0 0 0
5.74749 0 0 0 0 0 0 0 0 0 0 0 0 0 0 0 0 0 0 0 0 0.0202449 -2.00558 132.457 -4374 1.97974 -35.7007 88.6293 13122 3.61505 23.4181 -574.629 -13122 0.384962 14.2881 353.543 4374 0 0 0 0
5.7495 0 0 0 0 0 0 0 0 0 0 0 0 0 0 0 0 0 0 0 0 0.0164858 -1.74892 123.691 -4374 1.90839 -35.4967 114.926 13122 3.66081 22.2402 -600.926 -13122 0.414312 15.0054 362.309 4374 0 0 0 0
5.7515 0 0 0 0 0 0 0 0 0 0 0 0 0 0 0 0 0 0 0 0 0.0132234 -1.50983 114.926 -4374 1.83751 -35.2401 141.222 13122 3.70415 21.0096 -627.222 -13122 0.445116 15.7403 371.074 4374 0 0 0 0
5.75351 0 0 0 0 0 0 0 0 0 0 0 0 0 0 0 0 0 0 0 0 0.0104226 -1.2883 106.16 -4374 1.76719 -34.9307 167.519 13122 3.74498 19.7263 -653.519 -13122 0.477411 16.4927 379.84 4374 0 0 0 0
5.75551 0 0 0 0 0 0 0 0 0 0 0 0 0 0 0 0 0 0 0 0 0.00804819 -1.08433 97.3948 -4374 1.69754 -34.5686 193.816 13122 3.78318 18.3903 -679.816 -13122 0.511231 17.2627 388.605 4374 0 0 0 0
5.75752 0 0 0 0 0 0 0 0 0 0 0 0 0 0 0 0 0 0 0 0 0.00606488 -0.897936 88.6293 -4374 1.62867 -34.1539 220.112 13122 3.81865 17.0016 -706.112 -13122 0.546612 18.0502 397.371 4374 0 0 0 0
5.75952 0 0 0 0 0 0 0 0 0 0 0 0 0 0 0 0 0 0 0 0 0.00443752 -0.729106 79.8637 -4374 1.56069 -33.6864 246.409 13122 3.85129 15.5602 -732.409 -13122 0.583588 18.8554 406.136 4374 0 0 0 0
5.76152 0 0 0 0 0 0 0 0 0 0 0 0 0 0 0 0 0 0 0 0 0.00313088 -0.577841 71.0982 -4374 1.49369 -33.1663 272.705 13122 3.88098 14.0661 -758.705 -13122 0.622196 19.678 414.902 4374 0 0 0 0
5.76353 0 0 0 0 0 0 0 0 0 0 0 0 0 0 0 0 0 0 0 0 0.00210979 -0.444143 62.3327 -4374 1.42779 -32.5934 299.002 13122 3.90763 12.5193 -785.002 -13122 0.66247 20.5183 423.667 4374 0 0 0 0
5.76553 0 0 0 0 0 0 0 0 0 0 0 0 0 0 0 0 0 0 0 0 0.00133902 -0.328011 53.5671 -4374 1.36309 -31.9679 325.299 13122 3.93113 10.9198 -811.299 -13122 0.704445 21.3761 432.433 4374 0 0 0 0
5.76754 0 0 0 0 0 0 0 0 0 0 0 0 0 0 0 0 0 0 0 0 0.000783379 -0.229445 44.8016 -4374 1.2997 -31.2896 351.595 13122 3.95136 9.26758 -837.595 -13122 0.748157 22.2515 441.198 4374 0 0 0 0
5.76954 0 0 0 0 0 0 0 0 0 0 0 0 0 0 0 0 0 0 0 0 0.000407665 -0.148445 36.0361 -4374 1.23772 -30.5587 377.892 13122 3.96824 7.56268 -863.892 -13122 0.793641 23.1444 449.964 4374 0 0 0 0
5.77154 0 0 0 0 0 0 0 0 0 0 0 0 0 0 0 0 0 0 0 0 0.000176674 -0.0850117 27.2705 -4374 1.17725 -29.775 404.188 13122 3.98164 5.80509 -890.188 -13122 0.840932 24.055 458.729 4374 0 0 0 0
5.77355 0 0 0 0 0 0 0 0 0 0 0 0 0 0 0 0 0 0 0 0 5.52026e-05 -0.0391444 18.505 -4374 1.11841 -28.9387 430.485 13122 3.99147 3.99479 -916.485 -13122 0.890066 24.983 467.495 4374 0 0 0 0
5.77555 0 0 0 0 0 0 0 0 0 0 0 0 0 0 0 0 0 0 0 0 8.04819e-06 -0.0108433 9.73948 -4374 1.0613 -28.0496 456.782 13122 3.99761 2.1318 -942.782 -13122 0.941077 25.9287 476.261 4374 0 0 0 0
5.77756 0 0 0 0 0 0 0 0 0 0 0 0 0 0 0 0 0 0 0 0 8.04819e-09 -0.000108433 0.973948 -4374 1.00602 -27.1079 483.078 13122 3.99998 0.216108 -969.078 -13122 0.994 26.8919 485.026 4374 0 0 0 0
5.77956 0 0 0 0 0 0 0 0 0 0 0 0 0 0 0 0 0 0 0 0 0 0 0 0 0.952671 -26.1412 478.208 -4374 3.99847 -1.71064 -948.625 13122 1.04885 27.8449 462.625 -13122 4.12067e-06 0.00693973 7.79158 4374
5.78156 0 0 0 0 0 0 0 0 0 0 0 0 0 0 0 0 0 0 0 0 0 0 0 0 0.901238 -25.1917 469.443 -4374 3.99315 -3.58535 -922.329 13122 1.10557 28.7457 436.329 -13122 3.95408e-05 0.0313372 16.5571 4374
5.78357 0 0 0 0 0 0 0 0 0 0 0 0 0 0 0 0 0 0 0 0 0 0 0 0 0.85169 -24.2597 460.677 -4374 3.98414 -5.40735 -896.032 13122 1.16403 29.5937 410.032 -13122 0.000141455 0.0733009 25.3226 4374
5.78557 0 0 0 0 0 0 0 0 0 0 0 0 0 0 0 0 0 0 0 0 0 0 0 0 0.803993 -23.3453 451.912 -4374 3.97152 -7.17666 -869.735 13122 1.22414 30.3891 383.735 -13122 0.000345066 0.132831 34.0882 4374
5.78758 0 0 0 0 0 0 0 0 0 0 0 0 0 0 0 0 0 0 0 0 0 0 0 0 0.758111 -22.4484 443.146 -4374 3.95541 -8.89327 -843.439 13122 1.2858 31.1317 357.439 -13122 0.000685577 0.209927 42.8537 4374
5.78958 0 0 0 0 0 0 0 0 0 0 0 0 0 0 0 0 0 0 0 0 0 0 0 0 0.714008 -21.5691 434.381 -4374 3.93591 -10.5572 -817.142 13122 1.34889 31.8217 331.142 -13122 0.00119819 0.304589 51.6192 4374
5.79158 0 0 0 0 0 0 0 0 0 0 0 0 0 0 0 0 0 0 0 0 0 0 0 0 0.671649 -20.7074 425.615 -4374 3.91313 -12.1684 -790.846 13122 1.4133 32.459 304.846 -13122 0.00191811 0.416818 60.3848 4374
5.79359 0 0 0 0 0 0 0 0 0 0 0 0 0 0 0 0 0 0 0 0 0 0 0 0 0.631 -19.8632 416.85 -4374 3.88717 -13.7269 -764.549 13122 1.47895 33.0435 278.549 -13122 0.00288054 0.546612 69.1503 4374
5.79559 0 0 0 0 0 0 0 0 0 0 0 0 0 0 0 0 0 0 0 0 0 0 0 0 0.592026 -19.0367 408.084 -4374 3.85815 -15.2327 -738.253 13122 1.54571 33.5754 252.253 -13122 0.00412067 0.693973 77.9158 4374
5.7976 0 0 0 0 0 0 0 0 0 0 0 0 0 0 0 0 0 0 0 0 0 0 0 0 0.554689 -18.2276 399.319 -4374 3.82615 -16.6858 -711.956 13122 1.61348 34.0546 225.956 -13122 0.00567373 0.8589 86.6814 4374
5.7996 0 0 0 0 0 0 0 0 0 0 0 0 0 0 0 0 0 0 0 0 0 0 0 0 0.518957 -17.4362 390.553 -4374 3.7913 -18.0862 -685.659 13122 1.68216 34.481 199.659 -13122 0.00757489 1.04139 95.4469 4374
5.8016 0 0 0 0 0 0 0 0 0 0 0 0 0 0 0 0 0 0 0 0 0 0 0 0 0.484793 -16.6623 381.788 -4374 3.7537 -19.434 -659.363 13122 1.75165 34.8548 173.363 -13122 0.00985938 1.24145 104.212 4374
5.80361 0 0 0 0 0 0 0 0 0 0 0 0 0 0 0 0 0 0 0 0 0 0 0 0 0.452163 -15.906 373.022 -4374 3.71345 -20.729 -633.066 13122 1.82183 35.1759 147.066 -13122 0.0125624 1.45908 112.978 4374
5.80561 0 0 0 0 0 0 0 0 0 0 0 0 0 0 0 0 0 0 0 0 0 0 0 0 0.42103 -15.1672 364.257 -4374 3.67065 -21.9713 -606.77 13122 1.8926 35.4442 120.77 -13122 0.0157191 1.69427 121.743 4374
5.80762 0 0 0 0 0 0 0 0 0 0 0 0 0 0 0 0 0 0 0 0 0 0 0 0 0.39136 -14.446 355.491 -4374 3.62542 -23.1609 -580.473 13122 1.96385 35.6599 94.4729 -13122 0.0193648 1.94703 130.509 4374
5.80962 0 0 0 0 0 0 0 0 0 0 0 0 0 0 0 0 0 0 0 0 0 0 0 0 0.363118 -13.7424 346.725 -4374 3.57786 -24.2978 -554.176 13122 2.03549 35.8229 68.1764 -13122 0.0235346 2.21735 139.275 4374
5.81162 0 0 0 0 0 0 0 0 0 0 0 0 0 0 0 0 0 0 0 0 0 0 0 0 0.336269 -13.0563 337.96 -4374 3.52807 -25.3821 -527.88 13122 2.1074 35.9332 41.8798 -13122 0.0282637 2.50524 148.04 4374
5.81363 0 0 0 0 0 0 0 0 0 0 0 0 0 0 0 0 0 0 0 0 0 0 0 0 0.310777 -12.3879 329.194 -4374 3.47616 -26.4136 -501.583 13122 2.17947 35.9907 15.5832 -13122 0.0335874 2.8107 156.806 4374
5.81563 0 0 0 0 0 0 0 0 0 0 0 0 0 0 0 0 0 0 0 0 0 0 0 0 0.286607 -11.7369 320.429 -4374 3.42224 -27.3924 -475.287 13122 2.25161 35.9956 -10.7134 -13122 0.0395408 3.13372 165.571 4374
5.81764 0 0 0 0 0 0 0 0 0 0 0 0 0 0 0 0 0 0 0 0 0 0 0 0 0.263723 -11.1036 311.663 -4374 3.36641 -28.3185 -448.99 13122 2.32371 35.9478 -37.01 -13122 0.0461591 3.47431 174.337 4374
5.81964 0 0 0 0 0 0 0 0 0 0 0 0 0 0 0 0 0 0 0 0 0 0 0 0 0.242091 -10.4878 302.898 -4374 3.30877 -29.192 -422.693 13122 2.39566 35.8473 -63.3066 -13122 0.0534776 3.83247 183.102 4374
5.82164 0 0 0 0 0 0 0 0 0 0 0 0 0 0 0 0 0 0 0 0 0 0 0 0 0.221676 -9.88955 294.132 -4374 3.24944 -30.0127 -396.397 13122 2.46735 35.6941 -89.6032 -13122 0.0615314 4.20819 191.868 4374
5.82365 0 0 0 0 0 0 0 0 0 0 0 0 0 0 0 0 0 0 0 0 0 0 0 0 0.202442 -9.30889 285.367 -4374 3.18852 -30.7807 -370.1 13122 2.53868 35.4882 -115.9 -13122 0.0703558 4.60148 200.633 4374
5.82565 0 0 0 0 0 0 0 0 0 0 0 0 0 0 0 0 0 0 0 0 0 0 0 0 0.184354 -8.7458 276.601 -4374 3.12611 -31.4961 -343.804 13122 2.60955 35.2295 -142.196 -13122 0.079986 5.01233 209.399 4374
5.82766 0 0 0 0 0 0 0 0 0 0 0 0 0 0 0 0 0 0 0 0 0 0 0 0 0.167377 -8.20027 267.836 -4374 3.06232 -32.1587 -317.507 13122 2.67985 34.9182 -168.493 -13122 0.090457 5.44075 218.164 4374
5.82966 0 0 0 0 0 0 0 0 0 0 0 0 0 0 0 0 0 0 0 0 0 0 0 0 0.151476 -7.67231 259.07 -4374 2.99725 -32.7687 -291.21 13122 2.74947 34.5542 -194.79 -13122 0.101804 5.88674 226.93 4374
5.83166 0 0 0 0 0 0 0 0 0 0 0 0 0 0 0 0 0 0 0 0 0 0 0 0 0.136615 -7.16191 250.305 -4374 2.93101 -33.3259 -264.914 13122 2.81831 34.1375 -221.086 -13122 0.114063 6.35029 235.695 4374
5.83367 0 0 0 0 0 0 0 0 0 0 0 0 0 0 0 0 0 0 0 0 0 0 0 0 0.122759 -6.66908 241.539 -4374 2.86371 -33.8304 -238.617 13122 2.88626 33.6681 -247.383 -13122 0.127268 6.83141 244.461 4374
5.83567 0 0 0 0 0 0 0 0 0 0 0 0 0 0 0 0 0 0 0 0 0 0 0 0 0.109873 -6.19382 232.774 -4374 2.79546 -34.2823 -212.321 13122 2.95322 33.146 -273.679 -13122 0.141455 7.33009 253.226 4374
5.83768 0 0 0 0 0 0 0 0 0 0 0 0 0 0 0 0 0 0 0 0 0 0 0 0 0.0979224 -5.73612 224.008 -4374 2.72635 -34.6814 -186.024 13122 3.01907 32.5712 -299.976 -13122 0.156659 7.84634 261.992 4374
5.83968 0 0 0 0 0 0 0 0 0 0 0 0 0 0 0 0 0 0 0 0 0 0 0 0 0.0868711 -5.29599 215.242 -4374 2.65649 -35.0279 -159.727 13122 3.08373 31.9437 -326.273 -13122 0.172915 8.38016 270.758 4374
5.84168 0 0 0 0 0 0 0 0 0 0 0 0 0 0 0 0 0 0 0 0 0 0 0 0 0.0766842 -4.87343 206.477 -4374 2.58599 -35.3216 -133.431 13122 3.14707 31.2635 -352.569 -13122 0.190258 8.93154 279.523 4374
5.84369 0 0 0 0 0 0 0 0 0 0 0 0 0 0 0 0 0 0 0 0 0 0 0 0 0.0673266 -4.46843 197.711 -4374 2.51495 -35.5627 -107.134 13122 3.209 30.5306 -378.866 -13122 0.208725 9.50049 288.289 4374
5.84569 0 0 0 0 0 0 0 0 0 0 0 0 0 0 0 0 0 0 0 0 0 0 0 0 0.0587629 -4.081 188.946 -4374 2.44349 -35.751 -80.8377 13122 3.2694 29.745 -405.162 -13122 0.228348 10.087 297.054 4374
5.8477 0 0 0 0 0 0 0 0 0 0 0 0 0 0 0 0 0 0 0 0 0 0 0 0 0.0509581 -3.71113 180.18 -4374 2.3717 -35.8867 -54.5411 13122 3.32818 28.9067 -431.459 -13122 0.249165 10.6911 305.82 4374
5.8497 0 0 0 0 0 0 0 0 0 0 0 0 0 0 0 0 0 0 0 0 0 0 0 0 0.0438769 -3.35883 171.415 -4374 2.29969 -35.9696 -28.2445 13122 3.38522 28.0157 -457.756 -13122 0.27121 11.3127 314.585 4374
5.8517 0 0 0 0 0 0 0 0 0 0 0 0 0 0 0 0 0 0 0 0 0 0 0 0 0.0374842 -3.0241 162.649 -4374 2.22757 -35.9999 -1.9479 13122 3.44043 27.072 -484.052 -13122 0.294519 11.952 323.351 4374
5.85371 0 0 0 0 0 0 0 0 0 0 0 0 0 0 0 0 0 0 0 0 0 0 0 0 0.0317446 -2.70693 153.884 -4374 2.15544 -35.9774 24.3487 13122 3.49369 26.0756 -510.349 -13122 0.319125 12.6087 332.116 4374
5.85571 0 0 0 0 0 0 0 0 0 0 0 0 0 0 0 0 0 0 0 0 0 0 0 0 0.026623 -2.40733 145.118 -4374 2.0834 -35.9023 50.6453 13122 3.54491 25.0265 -536.645 -13122 0.345066 13.2831 340.882 4374
5.85772 0 0 0 0 0 0 0 0 0 0 0 0 0 0 0 0 0 0 0 0 0 0 0 0 0.0220842 -2.12529 136.353 -4374 2.01157 -35.7744 76.9419 13122 3.59397 23.9247 -562.942 -13122 0.372376 13.975 349.647 4374
5.85972 0 0 0 0 0 0 0 0 0 0 0 0 0 0 0 0 0 0 0 0 0 0 0 0 0.0180931 -1.86082 127.587 -4374 1.94005 -35.5939 103.238 13122 3.64076 22.7702 -589.238 -13122 0.40109 14.6845 358.413 4374
5.86172 0 0 0 0 0 0 0 0 0 0 0 0 0 0 0 0 0 0 0 0 0 0 0 0 0.0146143 -1.61392 118.822 -4374 1.86895 -35.3606 129.535 13122 3.68519 21.563 -615.535 -13122 0.431243 15.4115 367.178 4374
5.86373 0 0 0 0 0 0 0 0 0 0 0 0 0 0 0 0 0 0 0 0 0 0 0 0 0.0116127 -1.38458 110.056 -4374 1.79836 -35.0747 155.832 13122 3.72715 20.3032 -641.832 -13122 0.462871 16.1561 375.944 4374
5.86573 0 0 0 0 0 0 0 0 0 0 0 0 0 0 0 0 0 0 0 0 0 0 0 0 0.00905312 -1.17281 101.291 -4374 1.7284 -34.7361 182.128 13122 3.76653 18.9906 -668.128 -13122 0.496009 16.9183 384.709 4374
5.86774 0 0 0 0 0 0 0 0 0 0 0 0 0 0 0 0 0 0 0 0 0 0 0 0 0.00690032 -0.978611 92.5251 -4374 1.65918 -34.3447 208.425 13122 3.80323 17.6253 -694.425 -13122 0.530692 17.698 393.475 4374
5.86974 0 0 0 0 0 0 0 0 0 0 0 0 0 0 0 0 0 0 0 0 0 0 0 0 0.0051191 -0.801973 83.7595 -4374 1.59078 -33.9007 234.721 13122 3.83714 16.2073 -720.721 -13122 0.566955 18.4954 402.24 4374
5.87174 0 0 0 0 0 0 0 0 0 0 0 0 0 0 0 0 0 0 0 0 0 0 0 0 0.00367427 -0.642901 74.994 -4374 1.52334 -33.404 261.018 13122 3.86816 14.7366 -747.018 -13122 0.604833 19.3102 411.006 4374
5.87375 0 0 0 0 0 0 0 0 0 0 0 0 0 0 0 0 0 0 0 0 0 0 0 0 0.00253061 -0.501396 66.2285 -4374 1.45694 -32.8545 287.315 13122 3.89617 13.2132 -773.315 -13122 0.644362 20.1427 419.772 4374
5.87575 0 0 0 0 0 0 0 0 0 0 0 0 0 0 0 0 0 0 0 0 0 0 0 0 0.00165293 -0.377456 57.4629 -4374 1.39169 -32.2524 313.611 13122 3.92108 11.6372 -799.611 -13122 0.685577 20.9927 428.537 4374
5.87776 0 0 0 0 0 0 0 0 0 0 0 0 0 0 0 0 0 0 0 0 0 0 0 0 0.00100602 -0.271083 48.6974 -4374 1.3277 -31.5976 339.908 13122 3.94278 10.0084 -825.908 -13122 0.728513 21.8603 437.303 4374
5.87976 0 0 0 0 0 0 0 0 0 0 0 0 0 0 0 0 0 0 0 0 0 0 0 0 0.000554689 -0.182276 39.9319 -4374 1.26508 -30.89 366.204 13122 3.96116 8.32692 -852.204 -13122 0.773205 22.7454 446.068 4374
5.88176 0 0 0 0 0 0 0 0 0 0 0 0 0 0 0 0 0 0 0 0 0 0 0 0 0.000263723 -0.111036 31.1663 -4374 1.20393 -30.1298 392.501 13122 3.97612 6.59274 -878.501 -13122 0.819689 23.6481 454.834 4374
5.88377 0 0 0 0 0 0 0 0 0 0 0 0 0 0 0 0 0 0 0 0 0 0 0 0 9.79224e-05 -0.0573612 22.4008 -4374 1.14436 -29.3169 418.798 13122 3.98755 4.80587 -904.798 -13122 0.867999 24.5684 463.599 4374
5.88577 0 0 0 0 0 0 0 0 0 0 0 0 0 0 0 0 0 0 0 0 0 0 0 0 2.20842e-05 -0.0212529 13.6353 -4374 1.08646 -28.4513 445.094 13122 3.99534 2.9663 -931.094 -13122 0.918171 25.5062 472.365 4374
5.88778 0 0 0 0 0 0 0 0 0 0 0 0 0 0 0 0 0 0 0 0 0 0 0 0 1.00602e-06 -0.00271083 4.86974 -4374 1.03036 -27.5329 471.391 13122 3.9994 1.07403 -957.391 -13122 0.97024 26.4616 481.13 4374
5.88978 0 0 0 0 0 0 0 0 0 0 0 0 0 0 0 0 0 0 0 0 0 0 0 0 0 0 0 0 0.976144 -26.5689 482.104 -4374 3.99962 -0.860527 -960.313 13122 1.02424 27.4277 474.313 -13122
5.89178 0 0 0 0 0 0 0 0 0 0 0 0 0 0 0 0 0 0 0 0 0 0 0 0 0 0 0 0 0.923862 -25.6115 473.339 -4374 3.99598 -2.75865 -934.016 13122 1.08014 28.3518 448.016 -13122
5.89379 0 0 0 0 0 0 0 0 0 0 0 0 0 0 0 0 0 0 0 0 0 0 0 0 0 0 0 0 0.873481 -24.6717 464.573 -4374 3.98859 -4.60408 -907.719 13122 1.13784 29.2233 421.719 -13122
5.89579 0 0 0 0 0 0 0 0 0 0 0 0 0 0 0 0 0 0 0 0 0 0 0 0 0 0 0 0 0.824966 -23.7495 455.808 -4374 3.97756 -6.39681 -881.423 13122 1.19723 30.0421 395.423 -13122
5.8978 0 0 0 0 0 0 0 0 0 0 0 0 0 0 0 0 0 0 0 0 0 0 0 0 0 0 0 0 0.778281 -22.8448 447.042 -4374 3.96299 -8.13683 -855.126 13122 1.25821 30.8082 369.126 -13122
5.8998 0 0 0 0 0 0 0 0 0 0 0 0 0 0 0 0 0 0 0 0 0 0 0 0 0 0 0 0 0.733392 -21.9577 438.277 -4374 3.94499 -9.82417 -828.83 13122 1.32068 31.5216 342.83 -13122
5.9018 0 0 0 0 0 0 0 0 0 0 0 0 0 0 0 0 0 0 0 0 0 0 0 0 0 0 0 0 0.690262 -21.0882 429.511 -4374 3.92365 -11.4588 -802.533 13122 1.38452 32.1822 316.533 -13122
5.90381 0 0 0 0 0 0 0 0 0 0 0 0 0 0 0 0 0 0 0 0 0 0 0 0 0 0 0 0 0.648858 -20.2363 420.745 -4374 3.89909 -13.0407 -776.236 13122 1.44963 32.7902 290.236 -13122
5.90581 0 0 0 0 0 0 0 0 0 0 0 0 0 0 0 0 0 0 0 0 0 0 0 0 0 0 0 0 0.609143 -19.4019 411.98 -4374 3.87142 -14.57 -749.94 13122 1.51591 33.3455 263.94 -13122
5.90782 0 0 0 0 0 0 0 0 0 0 0 0 0 0 0 0 0 0 0 0 0 0 0 0 0 0 0 0 0.571083 -18.585 403.214 -4374 3.84073 -16.0465 -723.643 13122 1.58324 33.8481 237.643 -13122
5.90982 0 0 0 0 0 0 0 0 0 0 0 0 0 0 0 0 0 0 0 0 0 0 0 0 0 0 0 0 0.534642 -17.7858 394.449 -4374 3.80714 -17.4703 -697.347 13122 1.65153 34.298 211.347 -13122
5.91182 0 0 0 0 0 0 0 0 0 0 0 0 0 0 0 0 0 0 0 0 0 0 0 0 0 0 0 0 0.499786 -17.0041 385.683 -4374 3.77075 -18.8415 -671.05 13122 1.72067 34.6952 185.05 -13122
5.91383 0 0 0 0 0 0 0 0 0 0 0 0 0 0 0 0 0 0 0 0 0 0 0 0 0 0 0 0 0.466478 -16.2399 376.918 -4374 3.73166 -20.1599 -644.754 13122 1.79056 35.0397 158.754 -13122
5.91583 0 0 0 0 0 0 0 0 0 0 0 0 0 0 0 0 0 0 0 0 0 0 0 0 0 0 0 0 0.434684 -15.4934 368.152 -4374 3.68998 -21.4257 -618.457 13122 1.86108 35.3315 132.457 -13122
5.91784 0 0 0 0 0 0 0 0 0 0 0 0 0 0 0 0 0 0 0 0 0 0 0 0 0 0 0 0 0.404369 -14.7644 359.387 -4374 3.64582 -22.6387 -592.16 13122 1.93213 35.5706 106.16 -13122
5.91984 0 0 0 0 0 0 0 0 0 0 0 0 0 0 0 0 0 0 0 0 0 0 0 0 0 0 0 0 0.375496 -14.053 350.621 -4374 3.59928 -23.799 -565.864 13122 2.00361 35.757 79.8637 -13122
5.92184 0 0 0 0 0 0 0 0 0 0 0 0 0 0 0 0 0 0 0 0 0 0 0 0 0 0 0 0 0.348032 -13.3591 341.856 -4374 3.55047 -24.9067 -539.567 13122 2.07541 35.8907 53.5671 -13122
5.92385 0 0 0 0 0 0 0 0 0 0 0 0 0 0 0 0 0 0 0 0 0 0 0 0 0 0 0 0 0.321941 -12.6828 333.09 -4374 3.49949 -25.9616 -513.271 13122 2.14743 35.9717 27.2705 -13122
5.92585 0 0 0 0 0 0 0 0 0 0 0 0 0 0 0 0 0 0 0 0 0 0 0 0 0 0 0 0 0.297188 -12.0241 324.325 -4374 3.44645 -26.9639 -486.974 13122 2.21955 36 0.973948 -13122
5.92786 0 0 0 0 0 0 0 0 0 0 0 0 0 0 0 0 0 0 0 0 0 0 0 0 0 0 0 0 0.273737 -11.3829 315.559 -4374 3.39145 -27.9134 -460.677 13122 2.29168 35.9756 -25.3226 -13122
5.92986 0 0 0 0 0 0 0 0 0 0 0 0 0 0 0 0 0 0 0 0 0 0 0 0 0 0 0 0 0.251553 -10.7593 306.794 -4374 3.3346 -28.8103 -434.381 13122 2.36371 35.8985 -51.6192 -13122
5.93186 0 0 0 0 0 0 0 0 0 0 0 0 0 0 0 0 0 0 0 0 0 0 0 0 0 0 0 0 0.230602 -10.1533 298.028 -4374 3.27601 -29.6544 -408.084 13122 2.43553 35.7687 -77.9158 -13122
5.93387 0 0 0 0 0 0 0 0 0 0 0 0 0 0 0 0 0 0 0 0 0 0 0 0 0 0 0 0 0.210847 -9.56479 289.263 -4374 3.21578 -30.4459 -381.788 13122 2.50703 35.5862 -104.212 -13122
5.93587 0 0 0 0 0 0 0 0 0 0 0 0 0 0 0 0 0 0 0 0 0 0 0 0 0 0 0 0 0.192254 -8.99389 280.497 -4374 3.15402 -31.1847 -355.491 13122 2.57812 35.351 -130.509 -13122
5.93788 0 0 0 0 0 0 0 0 0 0 0 0 0 0 0 0 0 0 0 0 0 0 0 0 0 0 0 0 0.174788 -8.44056 271.731 -4374 3.09083 -31.8707 -329.194 13122 2.64868 35.0631 -156.806 -13122
5.93988 0 0 0 0 0 0 0 0 0 0 0 0 0 0 0 0 0 0 0 0 0 0 0 0 0 0 0 0 0.158413 -7.90479 262.966 -4374 3.02632 -32.5041 -302.898 13122 2.71862 34.7225 -183.102 -13122
5.94188 0 0 0 0 0 0 0 0 0 0 0 0 0 0 0 0 0 0 0 0 0 0 0 0 0 0 0 0 0.143093 -7.38658 254.2 -4374 2.96059 -33.0847 -276.601 13122 2.78782 34.3292 -209.399 -13122
5.94389 0 0 0 0 0 0 0 0 0 0 0 0 0 0 0 0 0 0 0 0 0 0 0 0 0 0 0 0 0.128795 -6.88595 245.435 -4374 2.89375 -33.6127 -250.305 13122 2.85618 33.8832 -235.695 -13122
5.94589 0 0 0 0 0 0 0 0 0 0 0 0 0 0 0 0 0 0 0 0 0 0 0 0 0 0 0 0 0.115483 -6.40288 236.669 -4374 2.8259 -34.088 -224.008 13122 2.92359 33.3846 -261.992 -13122
5.9479 0 0 0 0 0 0 0 0 0 0 0 0 0 0 0 0 0 0 0 0 0 0 0 0 0 0 0 0 0.103121 -5.93737 227.904 -4374 2.75716 -34.5105 -197.711 13122 2.98995 32.8332 -288.289 -13122
5.9499 0 0 0 0 0 0 0 0 0 0 0 0 0 0 0 0 0 0 0 0 0 0 0 0 0 0 0 0 0.0916739 -5.48944 219.138 -4374 2.68762 -34.8804 -171.415 13122 3.05515 32.2291 -314.585 -13122
5.9519 0 0 0 0 0 0 0 0 0 0 0 0 0 0 0 0 0 0 0 0 0 0 0 0 0 0 0 0 0.0811072 -5.05906 210.373 -4374 2.61739 -35.1976 -145.118 13122 3.11909 31.5723 -340.882 -13122
5.95391 0 0 0 0 0 0 0 0 0 0 0 0 0 0 0 0 0 0 0 0 0 0 0 0 0 0 0 0 0.0713854 -4.64626 201.607 -4374 2.54658 -35.462 -118.822 13122 3.18165 30.8628 -367.178 -13122
5.95591 0 0 0 0 0 0 0 0 0 0 0 0 0 0 0 0 0 0 0 0 0 0 0 0 0 0 0 0 0.0624732 -4.25102 192.842 -4374 2.4753 -35.6738 -92.5251 13122 3.24275 30.1007 -393.475 -13122
5.95792 0 0 0 0 0 0 0 0 0 0 0 0 0 0 0 0 0 0 0 0 0 0 0 0 0 0 0 0 0.0543355 -3.87335 184.076 -4374 2.40364 -35.8329 -66.2285 13122 3.30226 29.2858 -419.772 -13122
5.95992 0 0 0 0 0 0 0 0 0 0 0 0 0 0 0 0 0 0 0 0 0 0 0 0 0 0 0 0 0.0469371 -3.51324 175.311 -4374 2.33171 -35.9392 -39.9319 13122 3.36009 28.4182 -446.068 -13122
5.96192 0 0 0 0 0 0 0 0 0 0 0 0 0 0 0 0 0 0 0 0 0 0 0 0 0 0 0 0 0.0402427 -3.1707 166.545 -4374 2.25963 -35.9929 -13.6353 13122 3.41613 27.4979 -472.365 -13122
5.96393 0 0 0 0 0 0 0 0 0 0 0 0 0 0 0 0 0 0 0 0 0 0 0 0 0 0 0 0 0.0342171 -2.84572 157.78 -4374 2.18749 -35.9939 12.6613 13122 3.47027 26.525 -498.661 -13122
5.96593 0 0 0 0 0 0 0 0 0 0 0 0 0 0 0 0 0 0 0 0 0 0 0 0 0 0 0 0 0.0288252 -2.53832 149.014 -4374 2.1154 -35.9422 38.9579 13122 3.52241 25.4993 -524.958 -13122
5.96794 0 0 0 0 0 0 0 0 0 0 0 0 0 0 0 0 0 0 0 0 0 0 0 0 0 0 0 0 0.0240318 -2.24847 140.248 -4374 2.04347 -35.8377 65.2545 13122 3.57243 24.4209 -551.255 -13122
5.96994 0 0 0 0 0 0 0 0 0 0 0 0 0 0 0 0 0 0 0 0 0 0 0 0 0 0 0 0 0.0198016 -1.9762 131.483 -4374 1.9718 -35.6806 91.5511 13122 3.62025 23.2898 -577.551 -13122
5.97194 0 0 0 0 0 0 0 0 0 0 0 0 0 0 0 0 0 0 0 0 0 0 0 0 0 0 0 0 0.0160994 -1.72149 122.717 -4374 1.90049 -35.4708 117.848 13122 3.66575 22.1061 -603.848 -13122
5.97395 0 0 0 0 0 0 0 0 0 0 0 0 0 0 0 0 0 0 0 0 0 0 0 0 0 0 0 0 0.0128901 -1.48434 113.952 -4374 1.82966 -35.2083 144.144 13122 3.70882 20.8696 -630.144 -13122
5.97595 0 0 0 0 0 0 0 0 0 0 0 0 0 0 0 0 0 0 0 0 0 0 0 0 0 0 0 0 0.0101384 -1.26477 105.186 -4374 1.75941 -34.8931 170.441 13122 3.74936 19.5805 -656.441 -13122
5.97796 0 0 0 0 0 0 0 0 0 0 0 0 0 0 0 0 0 0 0 0 0 0 0 0 0 0 0 0 0.00780915 -1.06275 96.4208 -4374 1.68985 -34.5252 196.737 13122 3.78726 18.2386 -682.737 -13122
5.97996 0 0 0 0 0 0 0 0 0 0 0 0 0 0 0 0 0 0 0 0 0 0 0 0 0 0 0 0 0.00586713 -0.87831 87.6553 -4374 1.62107 -34.1045 223.034 13122 3.82242 16.844 -709.034 -13122
5.98196 0 0 0 0 0 0 0 0 0 0 0 0 0 0 0 0 0 0 0 0 0 0 0 0 0 0 0 0 0.00427714 -0.711431 78.8898 -4374 1.55319 -33.6312 249.331 13122 3.85474 15.3968 -735.331 -13122
5.98397 0 0 0 0 0 0 0 0 0 0 0 0 0 0 0 0 0 0 0 0 0 0 0 0 0 0 0 0 0.00300397 -0.562118 70.1242 -4374 1.48631 -33.1052 275.627 13122 3.8841 13.8968 -761.627 -13122
5.98597 0 0 0 0 0 0 0 0 0 0 0 0 0 0 0 0 0 0 0 0 0 0 0 0 0 0 0 0 0.00201243 -0.430372 61.3587 -4374 1.42054 -32.5265 301.924 13122 3.9104 12.3442 -787.924 -13122
5.98798 0 0 0 0 0 0 0 0 0 0 0 0 0 0 0 0 0 0 0 0 0 0 0 0 0 0 0 0 0.0012673 -0.316192 52.5932 -4374 1.35598 -31.8951 328.22 13122 3.93354 10.7388 -814.22 -13122
5.98998 0 0 0 0 0 0 0 0 0 0 0 0 0 0 0 0 0 0 0 0 0 0 0 0 0 0 0 0 0.000733392 -0.219577 43.8277 -4374 1.29274 -31.211 354.517 13122 3.95341 9.08075 -840.517 -13122
5.99198 0 0 0 0 0 0 0 0 0 0 0 0 0 0 0 0 0 0 0 0 0 0 0 0 0 0 0 0 0.000375496 -0.14053 35.0621 -4374 1.23092 -30.4742 380.814 13122 3.9699 7.36999 -866.814 -13122
5.99399 0 0 0 0 0 0 0 0 0 0 0 0 0 0 0 0 0 0 0 0 0 0 0 0 0 0 0 0 0.000158413 -0.0790479 26.2966 -4374 1.17063 -29.6847 407.11 13122 3.98291 5.60654 -893.11 -13122
5.99599 0 0 0 0 0 0 0 0 0 0 0 0 0 0 0 0 0 0 0 0 0 0 0 0 0 0 0 0 4.69371e-05 -0.0351324 17.5311 -4374 1.11198 -28.8425 433.407 13122 3.99233 3.79039 -919.407 -13122
5.998 0 0 0 0 0 0 0 0 0 0 0 0 0 0 0 0 0 0 0 0 0 0 0 0 0 0 0 0 5.86713e-06 -0.0087831 8.76553 -4374 1.05507 -27.9476 459.703 13122 3.99807 1.92155 -945.703 -13122
6 0 0 0 0 0 0 0 0 0 0 0 0 0 0 0 0 0 0 0 0 0 0 0 0 0 0 0 0 0 -0 0 -4374 1 -27 486 13122 4 3.74326e-13 -972 -13122
