5 6643.85 26186.1 -907431 -7.72677e+06
5.002 6694.52 24392.7 -882317 1.25317e+07
5.00401 6741.65 22649.7 -857203 1.25317e+07
5.00601 6785.33 20957.1 -832090 1.25317e+07
5.00802 6825.68 19314.7 -806976 1.25317e+07
5.01002 6862.78 17722.7 -781862 1.25317e+07
5.01202 6896.74 16181 -756749 1.25317e+07
5.01403 6927.67 14689.6 -731635 1.25317e+07
5.01603 6955.65 13248.6 -706521 1.25317e+07
5.01804 6980.8 11857.9 -681408 1.25317e+07
5.02004 7003.21 10517.5 -656294 1.25317e+07
5.02204 7022.99 9227.44 -631180 1.25317e+07
5.02405 7040.23 7987.71 -606067 1.25317e+07
5.02605 7055.04 6798.31 -580953 1.25317e+07
5.02806 7067.51 5659.24 -555840 1.25317e+07
5.03006 7077.75 4570.5 -530726 1.25317e+07
5.03206 7085.86 3532.08 -505612 1.25317e+07
5.03407 7091.94 2544 -480499 1.25317e+07
5.03607 7096.09 1606.24 -455385 1.25317e+07
5.03808 7098.41 718.806 -430271 1.25317e+07
5.04008 7099.01 -118.298 -405158 1.25317e+07
5.04208 7097.97 -905.073 -380044 1.25317e+07
5.04409 7095.41 -1641.52 -354930 1.25317e+07
5.04609 7091.43 -2327.64 -329817 1.25317e+07
5.0481 7086.12 -2963.43 -304703 1.25317e+07
5.0501 7079.58 -3548.89 -279589 1.25317e+07
5.0521 7071.93 -4084.03 -254476 1.25317e+07
5.05411 7063.25 -4568.84 -229362 1.25317e+07
5.05611 7053.65 -5003.32 -204248 1.25317e+07
5.05812 7043.23 -5387.47 -179135 1.25317e+07
5.06012 7032.09 -5721.29 -154021 1.25317e+07
5.06212 7020.33 -6004.79 -128908 1.25317e+07
5.06413 7008.06 -6237.96 -103794 1.25317e+07
5.06613 6995.36 -6420.8 -78680.3 1.25317e+07
5.06814 6982.36 -6553.31 -53566.6 1.25317e+07
5.07014 6969.13 -6635.49 -28453 1.25317e+07
5.07214 6955.79 -6667.35 -3339.33 1.25317e+07
5.07415 6942.44 -6648.88 21774.3 1.25317e+07
5.07615 6929.18 -6580.08 46888 1.25317e+07
5.07816 6916.1 -6460.95 72001.6 1.25317e+07
5.08016 6903.32 -6291.49 97115.3 1.25317e+07
5.08216 6890.92 -6071.71 122229 1.25317e+07
5.08417 6879.01 -5801.6 147343 1.25317e+07
5.08617 6867.7 -5481.16 172456 1.25317e+07
5.08818 6857.08 -5110.39 197570 1.25317e+07
5.09018 6847.25 -4689.29 222683 1.25317e+07
5.09218 6838.32 -4217.87 247797 1.25317e+07
5.09419 6830.38 -3696.12 272911 1.25317e+07
5.09619 6823.54 -3124.04 298024 1.25317e+07
5.0982 6817.89 -2501.63 323138 1.25317e+07
5.1002 6813.55 -1828.9 348252 1.25317e+07
5.1022 6810.6 -1105.83 373365 1.25317e+07
5.10421 6809.15 -332.443 398479 1.25317e+07
5.10621 6809.3 491.276 423593 1.25317e+07
5.10822 6811.15 1365.32 448706 1.25317e+07
5.11022 6814.8 2289.7 473820 1.25317e+07
5.11222 6820.36 3251.75 476203 -7.88501e+06
5.11423 6827.82 4190.23 460401 -7.88501e+06
5.11623 6837.13 5097.04 444600 -7.88501e+06
5.11824 6848.23 5972.19 428798 -7.88501e+06
5.12024 6861.04 6815.67 412996 -7.88501e+06
5.12224 6875.52 7627.49 397195 -7.88501e+06
5.12425 6891.59 8407.64 381393 -7.88501e+06
5.12625 6909.2 9156.12 365592 -7.88501e+06
5.12826 6928.27 9872.93 349790 -7.88501e+06
5.13026 6948.75 10558.1 333988 -7.88501e+06
5.13226 6970.57 11211.6 318187 -7.88501e+06
5.13427 6993.66 11833.4 302385 -7.88501e+06
5.13627 7017.97 12423.5 286583 -7.88501e+06
5.13828 7043.44 12982 270782 -7.88501e+06
5.14028 7069.99 13508.8 254980 -7.88501e+06
5.14228 7097.56 14004 239179 -7.88501e+06
5.14429 7126.09 14467.5 223377 -7.88501e+06
5.14629 7155.52 14899.3 207575 -7.88501e+06
5.1483 7185.79 15299.4 191774 -7.88501e+06
5.1503 7216.82 15667.9 175972 -7.88501e+06
5.1523 7248.56 16004.7 160171 -7.88501e+06
5.15431 7280.95 16309.9 144369 -7.88501e+06
5.15631 7313.91 16583.4 128567 -7.88501e+06
5.15832 7347.39 16825.2 112766 -7.88501e+06
5.16032 7381.33 17035.3 96964.1 -7.88501e+06
5.16232 7415.65 17213.8 81162.5 -7.88501e+06
5.16433 7450.3 17360.6 65360.9 -7.88501e+06
5.16633 7485.21 17475.8 49559.2 -7.88501e+06
5.16834 7520.32 17559.3 33757.6 -7.88501e+06
5.17034 7555.57 17611.1 17956 -7.88501e+06
5.17234 7590.89 17631.2 2154.4 -7.88501e+06
5.17435 7626.21 17619.7 -13647.2 -7.88501e+06
5.17635 7661.48 17576.5 -29448.8 -7.88501e+06
5.17836 7696.64 17501.7 -45250.4 -7.88501e+06
5.18036 7731.61 17395.2 -61052.1 -7.88501e+06
5.18236 7766.34 17257 -76853.7 -7.88501e+06
5.18437 7800.76 17087.1 -92655.3 -7.88501e+06
5.18637 7834.8 16885.6 -108457 -7.88501e+06
5.18838 7868.41 16652.4 -124259 -7.88501e+06
5.19038 7901.52 16387.6 -140060 -7.88501e+06
5.19238 7934.07 16091.1 -155862 -7.88501e+06
5.19439 7966 15762.9 -171663 -7.88501e+06
5.19639 7997.23 15403 -187465 -7.88501e+06
5.1984 8027.71 15011.5 -203267 -7.88501e+06
5.2004 8057.37 14588.3 -219068 -7.88501e+06
5.2024 8086.16 14133.5 -234870 -7.88501e+06
5.20441 8114 13647 -250671 -7.88501e+06
5.20641 8140.84 13128.8 -266473 -7.88501e+06
5.20842 8166.6 12579 -282275 -7.88501e+06
5.21042 8191.23 11997.4 -298076 -7.88501e+06
5.21242 8214.66 11384.3 -313878 -7.88501e+06
5.21443 8236.84 10739.4 -329680 -7.88501e+06
5.21643 8257.69 10062.9 -345481 -7.88501e+06
5.21844 8277.15 9354.72 -361283 -7.88501e+06
5.22044 8295.16 8614.87 -377084 -7.88501e+06
5.22244 8311.66 7843.72 -389648 6.65501e+06
5.22445 8326.6 7076.22 -376312 6.65501e+06
5.22645 8340.04 6335.46 -362975 6.65501e+06
5.22846 8352.01 5621.41 -349638 6.65501e+06
5.23046 8362.58 4934.1 -336302 6.65501e+06
5.23246 8371.81 4273.51 -322965 6.65501e+06
5.23447 8379.73 3639.65 -309628 6.65501e+06
5.23647 8386.41 3032.52 -296292 6.65501e+06
5.23848 8391.9 2452.11 -282955 6.65501e+06
5.24048 8396.26 1898.43 -269618 6.65501e+06
5.24248 8399.53 1371.48 -256281 6.65501e+06
5.24449 8401.77 871.25 -242945 6.65501e+06
5.24649 8403.04 397.75 -229608 6.65501e+06
5.2485 8403.38 -49.0224 -216271 6.65501e+06
5.2505 8402.86 -469.068 -202935 6.65501e+06
5.25251 8401.52 -862.388 -189598 6.65501e+06
5.25451 8399.42 -1228.98 -176261 6.65501e+06
5.25651 8396.61 -1568.85 -162925 6.65501e+06
5.25852 8393.15 -1881.98 -149588 6.65501e+06
5.26052 8389.09 -2168.4 -136251 6.65501e+06
5.26253 8384.48 -2428.08 -122914 6.65501e+06
5.26453 8379.38 -2661.04 -109578 6.65501e+06
5.26653 8373.83 -2867.27 -96241 6.65501e+06
5.26854 8367.9 -3046.77 -82904.4 6.65501e+06
5.27054 8361.64 -3199.55 -69567.7 6.65501e+06
5.27255 8355.1 -3325.6 -56231 6.65501e+06
5.27455 8348.33 -3424.93 -42894.3 6.65501e+06
5.27655 8341.39 -3497.52 -29557.6 6.65501e+06
5.27856 8334.33 -3543.39 -16220.9 6.65501e+06
5.28056 8327.2 -3562.54 -2884.16 6.65501e+06
5.28257 8320.07 -3554.95 10452.5 6.65501e+06
5.28457 8312.97 -3520.64 23789.2 6.65501e+06
5.28657 8305.97 -3459.61 37125.9 6.65501e+06
5.28858 8299.12 -3371.84 50462.6 6.65501e+06
5.29058 8292.48 -3257.35 63799.3 6.65501e+06
5.29259 8286.09 -3116.13 77136 6.65501e+06
5.29459 8280 -2948.19 90472.7 6.65501e+06
5.29659 8274.29 -2753.52 103809 6.65501e+06
5.2986 8268.99 -2532.12 117146 6.65501e+06
5.3006 8264.16 -2283.99 130483 6.65501e+06
5.30261 8259.85 -2009.14 143820 6.65501e+06
5.30461 8256.12 -1707.56 157156 6.65501e+06
5.30661 8253.02 -1379.26 170493 6.65501e+06
5.30862 8250.61 -1024.22 183830 6.65501e+06
5.31062 8248.94 -642.465 197166 6.65501e+06
5.31263 8248.05 -233.979 210503 6.65501e+06
5.31463 8248.02 201.234 223840 6.65501e+06
5.31663 8248.88 663.174 237176 6.65501e+06
5.31864 8250.69 1151.84 250513 6.65501e+06
5.32064 8253.51 1667.23 263850 6.65501e+06
5.32265 8257.39 2209.36 277186 6.65501e+06
5.32465 8262.39 2778.2 290523 6.65501e+06
5.32665 8268.55 3373.78 303860 6.65501e+06
5.32866 8275.93 3996.08 317197 6.65501e+06
5.33066 8284.58 4645.11 330533 6.65501e+06
5.33267 8294.56 5320.86 343870 6.65501e+06
5.33467 8305.92 6011.99 340218 -6.06135e+06
5.33667 8318.64 6681.62 328071 -6.06135e+06
5.33868 8332.68 7326.91 315924 -6.06135e+06
5.34068 8347.99 7947.85 303777 -6.06135e+06
5.34269 8364.52 8544.45 291630 -6.06135e+06
5.34469 8382.22 9116.7 279483 -6.06135e+06
5.34669 8401.04 9664.62 267336 -6.06135e+06
5.3487 8420.94 10188.2 255189 -6.06135e+06
5.3507 8441.86 10687.4 243042 -6.06135e+06
5.35271 8463.76 11162.3 230895 -6.06135e+06
5.35471 8486.59 11612.8 218748 -6.06135e+06
5.35671 8510.29 12039 206601 -6.06135e+06
5.35872 8534.82 12440.9 194454 -6.06135e+06
5.36072 8560.14 12818.4 182307 -6.06135e+06
5.36273 8586.18 13171.6 170160 -6.06135e+06
5.36473 8612.91 13500.4 158013 -6.06135e+06
5.36673 8640.28 13804.9 145866 -6.06135e+06
5.36874 8668.23 14085.1 133719 -6.06135e+06
5.37074 8696.71 14340.9 121572 -6.06135e+06
5.37275 8725.69 14572.3 109425 -6.06135e+06
5.37475 8755.1 14779.4 97277.7 -6.06135e+06
5.37675 8784.91 14962.2 85130.7 -6.06135e+06
5.37876 8815.05 15120.6 72983.7 -6.06135e+06
5.38076 8845.5 15254.7 60836.7 -6.06135e+06
5.38277 8876.18 15364.5 48689.7 -6.06135e+06
5.38477 8907.06 15449.9 36542.7 -6.06135e+06
5.38677 8938.09 15510.9 24395.7 -6.06135e+06
5.38878 8969.21 15547.7 12248.7 -6.06135e+06
5.39078 9000.39 15560 101.75 -6.06135e+06
5.39279 9031.56 15548.1 -12045.2 -6.06135e+06
5.39479 9062.69 15511.8 -24192.2 -6.06135e+06
5.39679 9093.72 15451.1 -36339.2 -6.06135e+06
5.3988 9124.6 15366.1 -48486.2 -6.06135e+06
5.4008 9155.29 15256.8 -60633.2 -6.06135e+06
5.40281 9185.73 15123.1 -72780.2 -6.06135e+06
5.40481 9215.88 14965.1 -84927.2 -6.06135e+06
5.40681 9245.7 14782.7 -97074.2 -6.06135e+06
5.40882 9275.12 14576 -109221 -6.06135e+06
5.41082 9304.1 14344.9 -121368 -6.06135e+06
5.41283 9332.6 14089.5 -133515 -6.06135e+06
5.41483 9360.55 13809.8 -145662 -6.06135e+06
5.41683 9387.93 13505.7 -157809 -6.06135e+06
5.41884 9414.67 13177.3 -169956 -6.06135e+06
5.42084 9440.73 12824.5 -182103 -6.06135e+06
5.42285 9466.05 12447.4 -194250 -6.06135e+06
5.42485 9490.6 12046 -206397 -6.06135e+06
5.42685 9514.32 11620.2 -218544 -6.06135e+06
5.42886 9537.16 11170.1 -230691 -6.06135e+06
5.43086 9559.07 10695.6 -242838 -6.06135e+06
5.43287 9580.01 10196.8 -254985 -6.06135e+06
5.43487 9599.92 9673.59 -267132 -6.06135e+06
5.43687 9618.77 9126.08 -279279 -6.06135e+06
5.43888 9636.49 8554.23 -291426 -6.06135e+06
5.44088 9653.04 7958.04 -303573 -6.06135e+06
5.44289 9668.37 7337.51 -315720 -6.06135e+06
5.44489 9682.43 6693.81 -322598 5.7714e+06
5.44689 9695.2 6058.91 -311032 5.7714e+06
5.4489 9706.73 5447.19 -299466 5.7714e+06
5.4509 9717.05 4858.64 -287900 5.7714e+06
5.45291 9726.22 4293.28 -276334 5.7714e+06
5.45491 9734.27 3751.09 -264768 5.7714e+06
5.45691 9741.27 3232.09 -253202 5.7714e+06
5.45892 9747.24 2736.26 -241636 5.7714e+06
5.46092 9752.25 2263.6 -230070 5.7714e+06
5.46293 9756.33 1814.13 -218504 5.7714e+06
5.46493 9759.54 1387.84 -206938 5.7714e+06
5.46693 9761.91 984.72 -195372 5.7714e+06
5.46894 9763.5 604.781 -183806 5.7714e+06
5.47094 9764.35 248.021 -172240 5.7714e+06
5.47295 9764.51 -85.5613 -160674 5.7714e+06
5.47495 9764.02 -395.965 -149109 5.7714e+06
5.47695 9762.94 -683.191 -137543 5.7714e+06
5.47896 9761.3 -947.238 -125977 5.7714e+06
5.48096 9759.15 -1188.11 -114411 5.7714e+06
5.48297 9756.55 -1405.8 -102845 5.7714e+06
5.48497 9753.54 -1600.31 -91278.9 5.7714e+06
5.48697 9750.15 -1771.65 -79713 5.7714e+06
5.48898 9746.45 -1919.8 -68147 5.7714e+06
5.49098 9742.47 -2044.78 -56581.1 5.7714e+06
5.49299 9738.27 -2146.58 -45015.2 5.7714e+06
5.49499 9733.89 -2225.2 -33449.2 5.7714e+06
5.49699 9729.37 -2280.64 -21883.3 5.7714e+06
5.499 9724.76 -2312.91 -10317.4 5.7714e+06
5.501 9720.11 -2322 1248.57 5.7714e+06
5.50301 9715.47 -2307.91 12814.5 5.7714e+06
5.50501 9710.88 -2270.64 24380.4 5.7714e+06
5.50701 9706.38 -2210.19 35946.4 5.7714e+06
5.50902 9702.04 -2126.56 47512.3 5.7714e+06
5.51102 9697.88 -2019.76 59078.2 5.7714e+06
5.51303 9693.96 -1889.78 70644.2 5.7714e+06
5.51503 9690.32 -1736.62 82210.1 5.7714e+06
5.51703 9687.01 -1560.28 93776 5.7714e+06
5.51904 9684.08 -1360.76 105342 5.7714e+06
5.52104 9681.57 -1138.06 116908 5.7714e+06
5.52305 9679.53 -892.191 128474 5.7714e+06
5.52505 9678.01 -623.139 140040 5.7714e+06
5.52705 9677.05 -330.909 151606 5.7714e+06
5.52906 9676.7 -15.501 163172 5.7714e+06
5.53106 9677.01 323.085 174738 5.7714e+06
5.53307 9678.01 684.85 186303 5.7714e+06
5.53507 9679.77 1069.79 197869 5.7714e+06
5.53707 9682.31 1477.91 209435 5.7714e+06
5.53908 9685.7 1909.21 221001 5.7714e+06
5.54108 9689.98 2363.69 232567 5.7714e+06
5.54309 9695.19 2841.35 244133 5.7714e+06
5.54509 9701.39 3342.18 255699 5.7714e+06
5.54709 9708.6 3866.19 267265 5.7714e+06
5.5491 9716.9 4413.38 278831 5.7714e+06
5.5511 9726.31 4983.75 290397 5.7714e+06
5.55311 9736.89 5577.3 301963 5.7714e+06
5.55511 9748.68 6194.02 313529 5.7714e+06
5.55711 9761.72 6820.63 308029 -5.17729e+06
5.55912 9776 7427.52 297654 -5.17729e+06
5.56112 9791.48 8013.63 287279 -5.17729e+06
5.56313 9808.11 8578.94 276903 -5.17729e+06
5.56513 9825.85 9123.46 266528 -5.17729e+06
5.56713 9844.66 9647.19 256153 -5.17729e+06
5.56914 9864.5 10150.1 245777 -5.17729e+06
5.57114 9885.33 10632.3 235402 -5.17729e+06
5.57315 9907.1 11093.6 225027 -5.17729e+06
5.57515 9929.78 11534.2 214651 -5.17729e+06
5.57715 9953.32 11953.9 204276 -5.17729e+06
5.57916 9977.67 12352.9 193901 -5.17729e+06
5.58116 10002.8 12731.1 183525 -5.17729e+06
5.58317 10028.7 13088.5 173150 -5.17729e+06
5.58517 10055.3 13425.1 162775 -5.17729e+06
5.58717 10082.5 13740.9 152399 -5.17729e+06
5.58918 10110.3 14035.9 142024 -5.17729e+06
5.59118 10138.7 14310.1 131649 -5.17729e+06
5.59319 10167.7 14563.6 121273 -5.17729e+06
5.59519 10197.1 14796.2 110898 -5.17729e+06
5.59719 10226.9 15008 100523 -5.17729e+06
5.5992 10257.2 15199.1 90147.3 -5.17729e+06
5.6012 10287.9 15369.4 79772 -5.17729e+06
5.60321 10318.8 15518.8 69396.6 -5.17729e+06
5.60521 10350 15647.5 59021.3 -5.17729e+06
5.60721 10381.5 15755.4 48646 -5.17729e+06
5.60922 10413.2 15842.5 38270.6 -5.17729e+06
5.61122 10445 15908.8 27895.3 -5.17729e+06
5.61323 10476.9 15954.3 17520 -5.17729e+06
5.61523 10508.9 15979 7144.64 -5.17729e+06
5.61723 10541 15982.9 -3230.69 -5.17729e+06
5.61924 10573 15966 -13606 -5.17729e+06
5.62124 10604.9 15928.4 -23981.3 -5.17729e+06
5.62325 10636.8 15869.9 -34356.7 -5.17729e+06
5.62525 10668.5 15790.7 -44732 -5.17729e+06
5.62725 10700.1 15690.6 -55107.3 -5.17729e+06
5.62926 10731.4 15569.8 -65482.7 -5.17729e+06
5.63126 10762.5 15428.2 -75858 -5.17729e+06
5.63327 10793.2 15265.8 -86233.3 -5.17729e+06
5.63527 10823.6 15082.6 -96608.7 -5.17729e+06
5.63727 10853.7 14878.6 -106984 -5.17729e+06
5.63928 10883.3 14653.8 -117359 -5.17729e+06
5.64128 10912.4 14408.2 -127735 -5.17729e+06
5.64329 10941 14141.8 -138110 -5.17729e+06
5.64529 10969 13854.6 -148485 -5.17729e+06
5.64729 10996.5 13546.7 -158861 -5.17729e+06
5.6493 11023.3 13217.9 -169236 -5.17729e+06
5.6513 11049.5 12868.4 -179611 -5.17729e+06
5.65331 11074.9 12498 -189987 -5.17729e+06
5.65531 11099.5 12106.9 -200362 -5.17729e+06
5.65731 11123.4 11695 -210737 -5.17729e+06
5.65932 11146.4 11262.3 -221113 -5.17729e+06
5.66132 11168.5 10808.7 -231488 -5.17729e+06
5.66333 11189.7 10334.4 -241863 -5.17729e+06
5.66533 11209.9 9839.36 -252239 -5.17729e+06
5.66733 11229.1 9325.64 -256138 4.51708e+06
5.66934 11247.3 8821.4 -247086 4.51708e+06
5.67134 11264.5 8335.31 -238034 4.51708e+06
5.67335 11280.7 7867.36 -228981 4.51708e+06
5.67535 11296 7417.55 -219929 4.51708e+06
5.67735 11310.5 6985.88 -210877 4.51708e+06
5.67936 11324.1 6572.35 -201825 4.51708e+06
5.68136 11336.8 6176.97 -192772 4.51708e+06
5.68337 11348.8 5799.72 -183720 4.51708e+06
5.68537 11360.1 5440.61 -174668 4.51708e+06
5.68737 11370.6 5099.65 -165616 4.51708e+06
5.68938 11380.5 4776.82 -156563 4.51708e+06
5.69138 11389.8 4472.14 -147511 4.51708e+06
5.69339 11398.5 4185.6 -138459 4.51708e+06
5.69539 11406.6 3917.19 -129407 4.51708e+06
5.69739 11414.2 3666.93 -120354 4.51708e+06
5.6994 11421.3 3434.81 -111302 4.51708e+06
5.7014 11428 3220.83 -102250 4.51708e+06
5.70341 11434.2 3024.99 -93197.5 4.51708e+06
5.70541 11440.1 2847.29 -84145.3 4.51708e+06
5.70741 11445.6 2687.74 -75093 4.51708e+06
5.70942 11450.9 2546.32 -66040.7 4.51708e+06
5.71142 11455.9 2423.05 -56988.5 4.51708e+06
5.71343 11460.6 2317.91 -47936.2 4.51708e+06
5.71543 11465.2 2230.92 -38884 4.51708e+06
5.71743 11469.6 2162.06 -29831.7 4.51708e+06
5.71944 11473.8 2111.35 -20779.5 4.51708e+06
5.72144 11478 2078.78 -11727.2 4.51708e+06
5.72345 11482.2 2064.35 -2674.95 4.51708e+06
5.72545 11486.3 2068.06 6377.3 4.51708e+06
5.72745 11490.5 2089.91 15429.6 4.51708e+06
5.72946 11494.7 2129.9 24481.8 4.51708e+06
5.73146 11499 2188.03 33534.1 4.51708e+06
5.73347 11503.5 2264.3 42586.3 4.51708e+06
5.73547 11508.1 2358.72 51638.6 4.51708e+06
5.73747 11513 2471.27 60690.8 4.51708e+06
5.73948 11518 2601.97 69743.1 4.51708e+06
5.74148 11523.4 2750.8 78795.3 4.51708e+06
5.74349 11529.1 2917.78 87847.6 4.51708e+06
5.74549 11535.1 3102.9 96899.9 4.51708e+06
5.74749 11541.5 3306.16 105952 4.51708e+06
5.7495 11548.4 3527.56 115004 4.51708e+06
5.7515 11555.7 3767.1 124057 4.51708e+06
5.75351 11563.5 4024.78 133109 4.51708e+06
5.75551 11571.8 4300.6 142161 4.51708e+06
5.75752 11580.7 4594.56 151213 4.51708e+06
5.75952 11590.3 4906.66 160266 4.51708e+06
5.76152 11600.4 5236.91 169318 4.51708e+06
5.76353 11611.3 5585.29 178370 4.51708e+06
5.76553 11622.8 5951.82 187422 4.51708e+06
5.76754 11635.1 6336.49 196475 4.51708e+06
5.76954 11648.2 6739.29 205527 4.51708e+06
5.77154 11662.1 7160.24 214579 4.51708e+06
5.77355 11676.9 7599.33 223631 4.51708e+06
5.77555 11692.6 8056.56 232684 4.51708e+06
5.77756 11709.2 8531.93 241736 4.51708e+06
5.77956 11726.8 9013.03 236855 -3.30494e+06
5.78156 11745.3 9481.05 230231 -3.30494e+06
5.78357 11764.8 9935.8 223608 -3.30494e+06
5.78557 11785.2 10377.3 216985 -3.30494e+06
5.78758 11806.4 10805.5 210362 -3.30494e+06
5.78958 11828.5 11220.4 203739 -3.30494e+06
5.79158 11851.4 11622.1 197116 -3.30494e+06
5.79359 11875 12010.5 190493 -3.30494e+06
5.79559 11899.5 12385.6 183869 -3.30494e+06
5.7976 11924.7 12747.4 177246 -3.30494e+06
5.7996 11950.6 13096 170623 -3.30494e+06
5.8016 11977.1 13431.3 164000 -3.30494e+06
5.80361 12004.4 13753.3 157377 -3.30494e+06
5.80561 12032.3 14062 150754 -3.30494e+06
5.80762 12060.7 14357.5 144131 -3.30494e+06
5.80962 12089.8 14639.7 137507 -3.30494e+06
5.81162 12119.4 14908.6 130884 -3.30494e+06
5.81363 12149.5 15164.3 124261 -3.30494e+06
5.81563 12180.2 15406.7 117638 -3.30494e+06
5.81764 12211.3 15635.8 111015 -3.30494e+06
5.81964 12242.8 15851.6 104392 -3.30494e+06
5.82164 12274.8 16054.2 97768.7 -3.30494e+06
5.82365 12307.2 16243.5 91145.5 -3.30494e+06
5.82565 12339.9 16419.5 84522.4 -3.30494e+06
5.82766 12373 16582.3 77899.3 -3.30494e+06
5.82966 12406.4 16731.7 71276.1 -3.30494e+06
5.83166 12440 16867.9 64653 -3.30494e+06
5.83367 12474 16990.9 58029.9 -3.30494e+06
5.83567 12508.1 17100.5 51406.7 -3.30494e+06
5.83768 12542.5 17196.9 44783.6 -3.30494e+06
5.83968 12577 17280 38160.5 -3.30494e+06
5.84168 12611.7 17349.9 31537.3 -3.30494e+06
5.84369 12646.6 17406.4 24914.2 -3.30494e+06
5.84569 12681.5 17449.7 18291 -3.30494e+06
5.8477 12716.5 17479.7 11667.9 -3.30494e+06
5.8497 12751.5 17496.5 5044.78 -3.30494e+06
5.8517 12786.6 17499.9 -1578.36 -3.30494e+06
5.85371 12821.7 17490.1 -8201.49 -3.30494e+06
5.85571 12856.7 17467.1 -14824.6 -3.30494e+06
5.85772 12891.7 17430.7 -21447.8 -3.30494e+06
5.85972 12926.6 17381.1 -28070.9 -3.30494e+06
5.86172 12961.3 17318.2 -34694 -3.30494e+06
5.86373 12996 17242.1 -41317.2 -3.30494e+06
5.86573 13030.4 17152.6 -47940.3 -3.30494e+06
5.86774 13064.7 17049.9 -54563.4 -3.30494e+06
5.86974 13098.8 16933.9 -61186.6 -3.30494e+06
5.87174 13132.6 16804.7 -67809.7 -3.30494e+06
5.87375 13166.1 16662.1 -74432.8 -3.30494e+06
5.87575 13199.3 16506.3 -81056 -3.30494e+06
5.87776 13232.2 16337.3 -87679.1 -3.30494e+06
5.87976 13264.8 16154.9 -94302.3 -3.30494e+06
5.88176 13297 15959.3 -100925 -3.30494e+06
5.88377 13328.8 15750.4 -107549 -3.30494e+06
5.88577 13360.1 15528.3 -114172 -3.30494e+06
5.88778 13391 15292.8 -120795 -3.30494e+06
5.88978 13421.4 15041.4 -133538 -1.01759e+07
5.89178 13451.2 14753.3 -153930 -1.01759e+07
5.89379 13480.5 14424.4 -174323 -1.01759e+07
5.89579 13509 14054.6 -194715 -1.01759e+07
5.8978 13536.8 13644 -215108 -1.01759e+07
5.8998 13563.7 13192.5 -235500 -1.01759e+07
5.9018 13589.6 12700.1 -255893 -1.01759e+07
5.90381 13614.6 12166.9 -276285 -1.01759e+07
5.90581 13638.4 11592.8 -296678 -1.01759e+07
5.90782 13661 10977.8 -317071 -1.01759e+07
5.90982 13682.4 10321.9 -337463 -1.01759e+07
5.91182 13702.3 9625.22 -357856 -1.01759e+07
5.91383 13720.9 8887.64 -378248 -1.01759e+07
5.91583 13737.9 8109.2 -398641 -1.01759e+07
5.91784 13753.4 7289.88 -419033 -1.01759e+07
5.91984 13767.1 6429.7 -439426 -1.01759e+07
5.92184 13779.1 5528.66 -459818 -1.01759e+07
5.92385 13789.3 4586.74 -480211 -1.01759e+07
5.92585 13797.5 3603.96 -500603 -1.01759e+07
5.92786 13803.7 2580.32 -520996 -1.01759e+07
5.92986 13807.8 1515.8 -541389 -1.01759e+07
5.93186 13809.7 410.423 -561781 -1.01759e+07
5.93387 13809.4 -735.824 -582174 -1.01759e+07
5.93587 13806.8 -1922.94 -602566 -1.01759e+07
5.93788 13801.7 -3150.92 -622959 -1.01759e+07
5.93988 13794.1 -4419.77 -643351 -1.01759e+07
5.94188 13783.9 -5729.48 -663744 -1.01759e+07
5.94389 13771.1 -7080.06 -684136 -1.01759e+07
5.94589 13755.5 -8471.51 -704529 -1.01759e+07
5.9479 13737.1 -9903.83 -724921 -1.01759e+07
5.9499 13715.8 -11377 -745314 -1.01759e+07
5.9519 13691.5 -12891.1 -765707 -1.01759e+07
5.95391 13664.1 -14446 -786099 -1.01759e+07
5.95591 13633.6 -16041.8 -806492 -1.01759e+07
5.95792 13599.8 -17678.4 -826884 -1.01759e+07
5.95992 13562.7 -19355.9 -847277 -1.01759e+07
5.96192 13522.2 -21074.3 -867669 -1.01759e+07
5.96393 13478.2 -22833.6 -888062 -1.01759e+07
5.96593 13430.6 -24633.7 -908454 -1.01759e+07
5.96794 13379.4 -26474.6 -928847 -1.01759e+07
5.96994 13324.5 -28356.5 -949239 -1.01759e+07
5.97194 13265.8 -30279.2 -969632 -1.01759e+07
5.97395 13203.1 -32242.8 -990024 -1.01759e+07
5.97595 13136.5 -34247.3 -1.01042e+06 -1.01759e+07
5.97796 13065.8 -36292.6 -1.03081e+06 -1.01759e+07
5.97996 12991 -38378.8 -1.0512e+06 -1.01759e+07
5.98196 12912 -40505.8 -1.07159e+06 -1.01759e+07
5.98397 12828.6 -42673.7 -1.09199e+06 -1.01759e+07
5.98597 12740.9 -44882.5 -1.11238e+06 -1.01759e+07
5.98798 12648.7 -47132.2 -1.13277e+06 -1.01759e+07
5.98998 12552 -49422.7 -1.15316e+06 -1.01759e+07
5.99198 12450.6 -51754.1 -1.17356e+06 -1.01759e+07
5.99399 12344.5 -54126.3 -1.19395e+06 -1.01759e+07
5.99599 12233.6 -56539.4 -1.21434e+06 -1.01759e+07
5.998 12117.9 -58993.4 -1.23474e+06 -1.01759e+07
6 11997.2 -61488.3 -1.25513e+06 -1.01759e+07
