-3 79.8394
-2.94949 76.1778
-2.89899 72.6286
-2.84848 69.1901
-2.79798 65.8604
-2.74747 62.6379
-2.69697 59.5209
-2.64646 56.5075
-2.59596 53.5962
-2.54545 50.7852
-2.49495 48.0727
-2.44444 45.457
-2.39394 42.9365
-2.34343 40.5093
-2.29293 38.1738
-2.24242 35.9282
-2.19192 33.7708
-2.14141 31.6999
-2.09091 29.7138
-2.0404 27.8107
-1.9899 25.989
-1.93939 24.2468
-1.88889 22.5825
-1.83838 20.9943
-1.78788 19.4806
-1.73737 18.0395
-1.68687 16.6695
-1.63636 15.3686
-1.58586 14.1354
-1.53535 12.9679
-1.48485 11.8644
-1.43434 10.8234
-1.38384 9.84294
-1.33333 8.92141
-1.28283 8.05707
-1.23232 7.24818
-1.18182 6.49303
-1.13131 5.78989
-1.08081 5.13704
-1.0303 4.53275
-0.979798 3.9753
-0.929293 3.46296
-0.878788 2.99402
-0.828283 2.56675
-0.777778 2.17942
-0.727273 1.83031
-0.676768 1.5177
-0.626263 1.23986
-0.575758 0.995075
-0.525253 0.781612
-0.474747 0.597752
-0.424242 0.441769
-0.373737 0.31194
-0.323232 0.206542
-0.272727 0.123851
-0.222222 0.0621427
-0.171717 0.0196933
-0.121212 -0.00522081
-0.0707071 -0.0143234
-0.020202 -0.00933826
0.030303 0.0080108
0.0808081 0.036
0.131313 0.0729055
0.181818 0.117004
0.232323 0.166622
0.282828 0.231058
0.333333 0.34408
0.383838 0.542769
0.434343 0.864205
0.484848 1.3394
0.535354 1.95449
0.585859 2.67552
0.636364 3.46843
0.686869 4.3011
0.737374 5.21714
0.787879 6.35852
0.838384 7.87378
0.888889 9.91146
0.939394 12.5619
0.989899 15.6825
1.0404 19.0726
1.09091 22.5314
1.14141 25.8818
1.19192 29.3009
1.24242 33.2381
1.29293 38.15
1.34343 44.4916
1.39394 52.3481
1.44444 60.9807
1.49495 69.5389
1.54545 77.1721
1.59596 83.3055
1.64646 89.4
1.69697 97.8291
1.74747 110.971
1.79798 131.101
1.84848 156.546
1.89899 180.499
1.94949 195.812
2 195.337
