3 888.728
3.0303 941.106
3.06061 987.746
3.09091 1029.78
3.12121 1068.33
3.15152 1104.53
3.18182 1139.51
3.21212 1174.39
3.24242 1210.3
3.27273 1248.37
3.30303 1289.73
3.33333 1335.51
3.36364 1386.58
3.39394 1442.83
3.42424 1503.89
3.45455 1569.38
3.48485 1638.94
3.51515 1712.2
3.54545 1788.79
3.57576 1868.34
3.60606 1950.48
3.63636 2034.85
3.66667 2121.06
3.69697 2208.68
3.72727 2296.96
3.75758 2385.07
3.78788 2472.17
3.81818 2557.45
3.84848 2640.07
3.87879 2719.2
3.90909 2794.02
3.93939 2863.71
3.9697 2927.42
4 2984.34
4.0303 3034.23
4.06061 3079.27
4.09091 3122.19
4.12121 3165.78
4.15152 3212.79
4.18182 3265.98
4.21212 3328.11
4.24242 3401.95
4.27273 3490.24
4.30303 3595.77
4.33333 3721.28
4.36364 3868.32
4.39394 4033.56
4.42424 4212.47
4.45455 4400.5
4.48485 4593.12
4.51515 4785.77
4.54545 4973.93
4.57576 5153.04
4.60606 5318.57
4.63636 5465.98
4.66667 5590.73
4.69697 5690.11
4.72727 5768.86
4.75758 5833.53
4.78788 5890.69
4.81818 5946.91
4.84848 6008.74
4.87879 6082.77
4.90909 6175.54
4.93939 6293.63
4.9697 6443.6
5 6632.01
5.0303 6862.91
5.06061 7130.18
5.09091 7425.19
5.12121 7739.3
5.15152 8063.89
5.18182 8390.31
5.21212 8709.92
5.24242 9014.1
5.27273 9294.21
5.30303 9541.61
5.33333 9747.66
5.36364 9906.87
5.39394 10026.3
5.42424 10116.2
5.45455 10186.6
5.48485 10247.9
5.51515 10310.3
5.54545 10383.9
5.57576 10478.9
5.60606 10605.5
5.63636 10774
5.66667 10994.5
5.69697 11271.7
5.72727 11588.5
5.75758 11921.9
5.78788 12249.3
5.81818 12547.9
5.84848 12794.9
5.87879 12967.5
5.90909 13043
5.93939 12998.7
5.9697 12811.7
6 12459.3
