1 16.4422
1.0404 18.9192
1.08081 21.6477
1.12121 24.6441
1.16162 27.9247
1.20202 31.5061
1.24242 35.4046
1.28283 39.6366
1.32323 44.2185
1.36364 49.1667
1.40404 54.4976
1.44444 60.2276
1.48485 66.3797
1.52525 73.0029
1.56566 80.1527
1.60606 87.8846
1.64646 96.2544
1.68687 105.317
1.72727 115.129
1.76768 125.746
1.80808 137.222
1.84848 149.613
1.88889 162.976
1.92929 177.354
1.9697 192.747
2.0101 209.141
2.05051 226.525
2.09091 244.885
2.13131 264.211
2.17172 284.489
2.21212 305.706
2.25253 327.852
2.29293 350.912
2.33333 374.876
2.37374 399.762
2.41414 425.726
2.45455 452.952
2.49495 481.626
2.53535 511.936
2.57576 544.067
2.61616 578.205
2.65657 614.536
2.69697 653.247
2.73737 694.524
2.77778 738.552
2.81818 785.402
2.85859 834.679
2.89899 885.871
2.93939 938.469
2.9798 991.961
3.0202 1045.84
3.06061 1099.58
3.10101 1152.69
3.14141 1204.65
3.18182 1254.95
3.22222 1303.07
3.26263 1348.86
3.30303 1393.52
3.34343 1438.59
3.38384 1485.63
3.42424 1536.19
3.46465 1591.82
3.50505 1654.06
3.54545 1724.48
3.58586 1804.62
3.62626 1896.03
3.66667 2000.25
3.70707 2118.05
3.74747 2246.95
3.78788 2383.69
3.82828 2525.01
3.86869 2667.64
3.90909 2808.31
3.94949 2943.77
3.9899 3070.74
4.0303 3185.97
4.07071 3286.18
4.11111 3368.11
4.15152 3430.12
4.19192 3477.05
4.23232 3515.37
4.27273 3551.55
4.31313 3592.03
4.35354 3643.3
4.39394 3711.81
4.43434 3804.03
4.47475 3926.43
4.51515 4085.47
4.55556 4287.61
4.59596 4535.71
4.63636 4818.16
4.67677 5119.75
4.71717 5425.25
4.75758 5719.47
4.79798 5987.17
4.83838 6213.15
4.87879 6382.19
4.91919 6479.06
4.9596 6488.57
5 6395.48
